,site_1,site_2,site_3,count_x,proportion_x,count_y,proportion_y,ratio
0,TCA,AAG,GGT,318,0.00016049007005542964,230,0.00014108101178394485,0.18596020933494373
1,TCT,AAG,GGT,98,4.945920397934624e-05,219,0.00013433365904645184,-1.4415099104910034
2,TCC,AAG,GGT,179,9.033875012554058e-05,83,5.091184338290184e-05,0.8273436509122938
3,TCC,AAT,GGT,939,0.0004738999238429196,272,0.00016684363132710002,1.506085811398398
4,TCG,AAT,GGT,546,0.00027555842217064335,440,0.0002698941094997206,0.029964732390153515
5,TCA,AAT,GGT,860,0.0004340297492065078,221,0.00013556045045326874,1.6788575951929907
6,TCT,AAT,GGT,416,0.00020994927403477587,124,7.606106722264854e-05,1.4648107127491787
7,TCC,ACG,GGT,364,0.0001837056147804289,288,0.0001766579625816353,0.056436943751345225
8,TCT,ACG,GGT,229,0.00011557303787010499,47,2.882959806019743e-05,2.003182241414269
9,TCG,ACG,GGT,135,6.81325769103239e-05,40,2.4535828136338237e-05,1.473454807158431
10,TCA,ACG,GGT,234,0.00011809646664456143,285,0.00017481777547140992,-0.5658860844737372
11,TAC,ACG,GGT,4,2.018743019565153e-06,2,1.2267914068169118e-06,0.7185673049949628
12,TCC,ACT,GGT,428,0.00021600550309347133,253,0.00015518911296233935,0.47704071670179893
13,TCA,ACT,GGT,520,0.00026243659254346986,86,5.275203049312721e-05,2.3146703633213193
14,TCT,ACT,GGT,332,0.00016755567062390767,34,2.0855453915887502e-05,3.0061438950915473
15,TCG,ACT,GGT,5,2.523428774456441e-06,226,0.00013862742897031104,-5.779683562532863
16,TCA,AGG,GGT,169,8.52918925766277e-05,76,4.661807345904265e-05,0.8715192278335611
17,TCG,AGG,GGT,421,0.00021247270280923231,68,4.1710907831775004e-05,2.348780886811019
18,TCT,AGG,GGT,81,4.087954614619434e-05,2,1.2267914068169118e-06,5.058417307879587
19,TCC,AGG,GGT,140,7.065600568478035e-05,252,0.00015457571725893088,-1.1294296015599876
20,TCC,AGT,GGT,82,4.138423190108563e-05,117,7.176729729878934e-05,-0.79424540997036
21,TCT,AGT,GGT,470,0.00023720230479890543,171,0.00010489066528284596,1.1772317366740648
22,TCG,AGT,GGT,343,0.00017310721392771184,136,8.342181566355001e-05,1.053169229917435
23,TCA,AGT,GGT,2,1.0093715097825764e-06,127,7.79012543328739e-05,-6.270117381777203
24,TCT,ATG,GGT,144,7.26747487043455e-05,3,1.8401871102253677e-06,5.303529805716121
25,TCA,ATG,GGT,391,0.00019733213016249367,48,2.9442993763605884e-05,2.744629601581158
26,TCG,ATG,GGT,167,8.428252106684513e-05,47,2.882959806019743e-05,1.547682745791377
27,TCC,ATG,GGT,68,3.43186313326076e-05,86,5.275203049312721e-05,-0.620234608456796
28,TCA,ATT,GGT,372,0.0001877431008195592,250,0.00015334892585211398,0.2919418314409068
29,AGT,ATT,GGT,671,0.00033864414153205434,473,0.0002901361677121996,0.22303988785575157
30,TCC,ATT,GGT,588,0.00029675522387607745,581,0.0003563829036803129,-0.2641547035732028
31,TCG,ATT,GGT,333,0.00016806035637879896,282,0.00017297758836118455,-0.041605680332569506
32,TCT,ATT,GGT,7,3.532800284239017e-06,58,3.5576950797690444e-05,-3.3320587680750062
33,TTC,ATT,CCT,49,2.472960198967312e-05,27,1.656168399202831e-05,0.578389646946702
34,TAC,ATT,GGT,2,1.0093715097825764e-06,2,1.2267914068169118e-06,-0.2814326950050372
35,TCC,CAG,GGT,876,0.0004421047212847684,350,0.00021468849619295957,1.0421432527638057
36,TCA,CAG,GGT,593,0.00029927865265053387,188,0.00011531839224078972,1.375866747863327
37,TCG,CAG,GGT,185,9.336686465488831e-05,301,0.00018463210672594522,-0.9836709112484279
38,TCT,CAG,GGT,176,8.882469286086672e-05,213,0.0001306532848260011,-0.5567106965935782
39,TCC,CAT,GGT,584,0.0002947364808565123,557,0.00034166140679850996,-0.21314165346505298
40,TCG,CAT,GGT,243,0.00012263863843858303,227,0.00013924082467371948,-0.18316867869017095
41,TCA,CAT,GGT,529,0.00026697876433749143,418,0.00025639940402473455,0.058332085028105496
42,TCT,CAT,GGT,205,0.00010346057975271407,75,4.600467775563419e-05,1.1692287140045288
43,TTC,CAT,GGG,36,1.8168687176086375e-05,82,5.029844767949338e-05,-1.4690596981808088
44,AGT,CAT,GGT,11,5.55154330380417e-06,2,1.2267914068169118e-06,2.177998923632259
45,TAA,CAT,GGT,2,1.0093715097825764e-06,2,1.2267914068169118e-06,-0.2814326950050372
46,TCC,CCG,GGT,587,0.00029625053812118614,503,0.0003085380388144533,-0.058630591700513435
47,TCG,CCG,GGT,202,0.00010194652248804021,99,6.0726174637437135e-05,0.747422167667148
48,TCT,CCG,GGT,65,3.280457406793373e-05,214,0.00013126668052940957,-2.0005318683777293
49,TCA,CCG,GGT,230,0.00011607772362499628,199,0.00012206574497828272,-0.07256726460431118
50,TCC,CCT,GGT,1534,0.0007741879480032361,661,0.00040545455995298933,0.9331436109902054
51,TCA,CCT,GGT,193,9.740435069401862e-05,326,0.00019996699931115663,-1.0377038119680346
52,TCG,CCT,GGT,567,0.0002861568230233604,429,0.0002631467567622276,0.1209383924376457
53,TCT,CCT,GGT,79,3.9870174636411766e-05,277,0.00016991060984414229,-2.091394112877122
54,TCC,CGG,GGT,518,0.0002614272210336873,556,0.0003410480110951015,-0.383565480041991
55,TCT,CGG,GGT,177,8.9329378615758e-05,50,3.066978517042279e-05,1.542316665303236
56,TCA,CGG,GGT,107,5.400137577336783e-05,168,0.0001030504781726206,-0.9322831313826505
57,TCG,CGG,GGT,3,1.5140572646738645e-06,79,4.8458260569268015e-05,-5.000250942460985
58,TCC,CGT,GGT,667,0.0003366253985124892,265,0.00016254986140324082,1.0502617067289854
59,TCA,CGT,GGT,951,0.00047995615290161506,171,0.00010489066528284596,2.1940163209696273
60,TCT,CGT,GGT,172,8.680594984130157e-05,42,2.576261954315515e-05,1.7525146369182991
61,TCG,CGT,GGT,56,2.8262402273912137e-05,231,0.0001416944074873533,-2.3258268143634897
62,AGT,CGT,GGT,2,1.0093715097825764e-06,3,1.8401871102253677e-06,-0.8663951957261915
63,TCC,CTG,GGT,850,0.00042898289165759493,331,0.0002030339778281989,1.079198929212808
64,TCA,CTG,GGT,164,8.276846380217126e-05,49,3.005638946701434e-05,1.4614094654978373
65,TCT,CTG,GGT,9,4.542171794021594e-06,164,0.00010059689535898676,-4.469059698180809
66,TCG,CTT,GGT,410,0.00020692115950542815,331,0.0002030339778281989,0.027359997693190863
67,AGT,CTT,GGT,540,0.0002725303076412956,398,0.00024413148995656544,0.15875828150214488
68,TCA,CTT,GGT,426,0.00021499613158368876,160,9.814331254535295e-05,1.1313488303334385
69,TCC,CTT,GGT,406,0.000204902416485863,435,0.00026682713098267834,-0.38096836855595306
70,AGT,CTT,GGA,6,3.028114529347729e-06,6,3.6803742204507355e-06,-0.2814326950050372
71,ATT,CTT,GGT,7,3.532800284239017e-06,2,1.2267914068169118e-06,1.5259222270525648
72,TCT,CTT,GGT,9,4.542171794021594e-06,216,0.00013249347193622647,-4.866395195726193
73,ACT,CTT,GGT,7,3.532800284239017e-06,2,1.2267914068169118e-06,1.5259222270525648
74,AGT,CTT,TGT,3,1.5140572646738645e-06,4,2.4535828136338237e-06,-0.6964701942838829
75,AGT,CTT,GGG,4,2.018743019565153e-06,4,2.4535828136338237e-06,-0.2814326950050372
76,AGT,CTT,CGT,4,2.018743019565153e-06,2,1.2267914068169118e-06,0.7185673049949628
77,TAG,CTT,GGT,2,1.0093715097825764e-06,2,1.2267914068169118e-06,-0.2814326950050372
78,TAC,CTT,GGT,2,1.0093715097825764e-06,2,1.2267914068169118e-06,-0.2814326950050372
79,TCG,GAG,GGT,151,7.620754898858452e-05,23,1.4108101178394486e-05,2.433410088263029
80,TCA,GAG,GGT,148,7.469349172391065e-05,131,8.035483714650772e-05,-0.10540233091353812
81,TCT,GAG,GGT,198,9.992777946847506e-05,127,7.79012543328739e-05,0.3592392383024059
82,TCC,GAG,GGT,509,0.00025688504923966567,310,0.00019015266805662133,0.43396474579641975
83,AGT,GAG,GGT,3,1.5140572646738645e-06,2,1.2267914068169118e-06,0.3035298057161171
84,AGT,GAT,GGT,2985,0.0015064869783504953,2119,0.0012997854955225181,0.2129146487749587
85,TCA,GAT,GGT,96,4.8449832469563664e-05,572,0.0003508623423496368,-2.856341531062272
86,AAT,GAT,GGT,6,3.028114529347729e-06,2,1.2267914068169118e-06,1.303529805716117
87,TCG,GAT,GGT,338,0.0001705837851532554,126,7.728785862946544e-05,1.1421668177772304
88,TCT,GAT,GGT,171,8.630126408641028e-05,216,0.00013249347193622647,-0.6184676822826081
89,TTT,GAT,GGT,4,2.018743019565153e-06,2,1.2267914068169118e-06,0.7185673049949628
90,TGT,GAT,GGT,15,7.570286323369322e-06,4,2.4535828136338237e-06,1.6254579006034788
91,AGT,GAT,CGT,15,7.570286323369322e-06,8,4.907165627267647e-06,0.6254579006034788
92,AGT,GAT,GCT,6,3.028114529347729e-06,4,2.4535828136338237e-06,0.3035298057161171
93,ACT,GAT,GGT,22,1.110308660760834e-05,16,9.814331254535295e-06,0.17799892363225922
94,AGT,GAT,GTT,32,1.6149944156521222e-05,10,6.133957034084559e-06,1.3966392101075993
95,TAT,GAT,GGT,9,4.542171794021594e-06,2,1.2267914068169118e-06,1.888492306437275
96,ATT,GAT,GGT,27,1.362651538206478e-05,12,7.360748440901471e-06,0.888492306437275
97,AGT,GAT,GGG,7,3.532800284239017e-06,5,3.0669785170422796e-06,0.203994132165203
98,AGA,GAT,GGT,32,1.6149944156521222e-05,23,1.4108101178394486e-05,0.19500534893794885
99,AGT,GAT,GGA,15,7.570286323369322e-06,11,6.747352737493015e-06,0.1660262819661824
100,GGT,GAT,GGT,9,4.542171794021594e-06,4,2.4535828136338237e-06,0.888492306437275
101,TCC,GAT,GGT,11,5.55154330380417e-06,102,6.25663617476625e-05,-3.494426418339236
102,AGT,GAT,TGT,11,5.55154330380417e-06,4,2.4535828136338237e-06,1.1779989236322592
103,AAG,GAT,GGT,2,1.0093715097825764e-06,2,1.2267914068169118e-06,-0.2814326950050372
104,ACG,GAT,GGT,4,2.018743019565153e-06,2,1.2267914068169118e-06,0.7185673049949628
105,AGT,GAT,CGA,4,2.018743019565153e-06,3,1.8401871102253677e-06,0.1336048042738085
106,TGG,GAT,GGT,2,1.0093715097825764e-06,4,2.4535828136338237e-06,-1.2814326950050372
107,AGG,GAT,GGT,3,1.5140572646738645e-06,3,1.8401871102253677e-06,-0.2814326950050372
108,TCC,GCG,GGT,503,0.00025385693471031794,315,0.00019321964657366362,0.3937738764132117
109,TCT,GCG,GGT,178,8.98340643706493e-05,140,8.587539847718383e-05,0.06501771901639408
110,TCA,GCG,GGT,87,4.390766067554207e-05,288,0.0001766579625816353,-2.0084142005986223
111,TCG,GCG,GGT,69,3.4823317087498885e-05,149,9.139595980785993e-05,-1.3920767586890292
112,AGT,GCT,GGT,828,0.0004178798050499866,468,0.00028706918919515736,0.5416895429108823
113,TCA,GCT,GGT,349,0.00017613532845705957,442,0.0002711209009065375,-0.6222520281868178
114,TCT,GCT,GGT,386,0.00019480870138803723,146,8.955577269763456e-05,1.121199783383025
115,TCC,GCT,GGT,646,0.00032602699765977216,315,0.00019321964657366362,0.7547496413016095
116,TCG,GCT,GGT,154,7.772160625325838e-05,121,7.422088011242317e-05,0.06649060841526833
117,TCC,GCT,GGA,2,1.0093715097825764e-06,2,1.2267914068169118e-06,-0.2814326950050372
118,TCT,GGG,GGT,378,0.00019077121534890693,7,4.293769923859191e-06,5.473454807158433
119,TCC,GGG,GGT,216,0.00010901212305651824,230,0.00014108101178394485,-0.3720352437859429
120,CGT,GGG,GGG,15,7.570286323369322e-06,4,2.4535828136338237e-06,1.6254579006034788
121,AGT,GGG,GGT,12,6.056229058695458e-06,9,5.520561330676103e-06,0.13360480427380494
122,CGT,GGG,GGT,18,9.084343588043187e-06,7,4.293769923859191e-06,1.081137384379673
123,TCA,GGG,GGT,5,2.523428774456441e-06,87,5.3365426196535666e-05,-4.4024480959664025
124,AGT,GGT,GGT,1597,0.0008059831505613872,1161,0.0007121524116572173,0.17856364554062765
125,CGT,GGT,GGT,410,0.00020692115950542815,212,0.00013003988912259264,0.6701269499372096
126,TCC,GGT,GGT,785,0.00039617831758966124,140,8.587539847718383e-05,2.205833131828985
127,TCG,GGT,GGT,356,0.0001796681287412986,272,0.00016684363132710002,0.10683789471102045
128,TCT,GGT,GGT,75,3.7851431616846614e-05,83,5.091184338290184e-05,-0.4276534358560813
129,TCA,GGT,GGT,77,3.886080312662919e-05,251,0.00015396232155552244,-1.986189708260909
130,AGG,GGT,GGT,45,2.2710858970107968e-05,32,1.962866250907059e-05,0.21042040132463669
131,CGT,GGT,GGG,104,5.248731850869397e-05,41,2.514922383974669e-05,1.0614550185179699
132,CGT,GGT,TGT,12,6.056229058695458e-06,7,4.293769923859191e-06,0.49617488365851514
133,TGT,GGT,GGT,19,9.589029342934475e-06,11,6.747352737493015e-06,0.5070631998012516
134,AGA,GGT,GGT,4,2.018743019565153e-06,3,1.8401871102253677e-06,0.1336048042738085
135,AGT,GGT,GGG,74,3.7346745861955326e-05,37,2.269564102611287e-05,0.7185673049949628
136,AGG,GGT,GGG,5,2.523428774456441e-06,7,4.293769923859191e-06,-0.7668595221752774
137,ACT,GGT,GGT,7,3.532800284239017e-06,5,3.0669785170422796e-06,0.203994132165203
138,AGT,GGT,TGT,14,7.065600568478034e-06,8,4.907165627267647e-06,0.5259222270525648
139,AGT,GGT,CGT,6,3.028114529347729e-06,4,2.4535828136338237e-06,0.3035298057161171
140,ACG,GGT,GGT,5,2.523428774456441e-06,2,1.2267914068169118e-06,1.0404953998823245
141,CGG,GGT,GGT,2,1.0093715097825764e-06,5,3.0669785170422796e-06,-1.603360789892399
142,TAG,GGT,GGT,2,1.0093715097825764e-06,2,1.2267914068169118e-06,-0.2814326950050372
143,CGT,GGT,TGG,3,1.5140572646738645e-06,4,2.4535828136338237e-06,-0.6964701942838829
144,ATT,GGT,GGT,5,2.523428774456441e-06,3,1.8401871102253677e-06,0.45553289916117023
145,TGG,GGT,GGT,4,2.018743019565153e-06,2,1.2267914068169118e-06,0.7185673049949628
146,AGT,GGT,GTT,2,1.0093715097825764e-06,79,4.8458260569268015e-05,-5.585213443182139
147,GTG,GGT,GGT,2,1.0093715097825764e-06,3,1.8401871102253677e-06,-0.8663951957261915
148,AGT,GTG,GTT,269,0.00013576046806575652,221,0.00013556045045326874,0.0021271081601543784
149,AGT,GTG,GGG,268,0.00013525578231086524,144,8.832898129081764e-05,0.6147314940104227
150,AGT,GTG,CTT,267,0.00013475109655597395,151,9.262275121467684e-05,0.5408584973574371
151,AGT,GTG,GCT,350,0.00017664001421195086,201,0.00012329253638509964,0.5187267256483619
152,AGT,GTG,CAG,416,0.00020994927403477587,136,8.342181566355001e-05,1.3315441818857146
153,AGT,GTG,CTG,146,7.368412021412808e-05,197,0.00012083895357146582,-0.7136599555813969
154,AGT,GTG,TAT,108,5.450606152825912e-05,77,4.7231469162451106e-05,0.20666826646353087
155,AGT,GTG,TCG,449,0.00022660390394618838,140,8.587539847718383e-05,1.3998559227911436
156,AGT,GTG,GGT,894,0.0004511890648728116,508,0.0003116050173314956,0.5340136394061137
157,AGT,GTG,AAG,376,0.00018976184383912435,211,0.0001294264934191842,0.552056967965413
158,AGT,GTG,ACT,448,0.0002260992181912971,228,0.00013985422037712794,0.6930322128878252
159,AGT,GTG,CGT,93,4.69357752048898e-05,264,0.00016193646569983235,-1.7866680032554587
160,AGT,GTG,TCT,315,0.00015897601279075578,325,0.00019935360360774816,-0.3265205845335757
161,AGT,GTG,ACG,441,0.00022256641790705808,300,0.00018401871102253676,0.27438346005660286
162,AGT,GTG,GAT,238,0.00012011520966412658,2,1.2267914068169118e-06,6.613385068302906
163,AGT,GTG,GCG,216,0.00010901212305651824,42,2.576261954315515e-05,2.081137384379671
164,TCA,GTG,GGT,118,5.9552919077172e-05,35,2.1468849619295957e-05,1.471927337411838
165,AGT,GTG,CCG,429,0.00021651018884836262,394,0.00024167790714293164,-0.15865067696186763
166,AGT,GTG,CGG,557,0.0002811099654744475,206,0.0001263595149021419,1.153600295151774
167,AGT,GTG,CCT,468,0.00023619293328912286,189,0.00011593178794419817,1.0266896003572938
168,AGT,GTG,CAT,72,3.633737435217275e-05,312,0.00019137945946343826,-2.3969099124249738
169,AGT,GTG,ATG,4,2.018743019565153e-06,79,4.8458260569268015e-05,-4.585213443182139
170,AGT,GTG,AAT,278,0.00014030263985977812,48,2.9442993763605884e-05,2.2525458769973135
171,AGG,GTG,GGT,22,1.110308660760834e-05,17,1.0427726957943751e-05,0.09053608238192012
172,TGT,GTG,GGT,24,1.2112458117390916e-05,15,9.200935551126838e-06,0.3966392101075975
173,AGT,GTG,GAG,82,4.138423190108563e-05,53,3.250997228064816e-05,0.34819885504984605
174,AGG,GTG,TTG,74,3.7346745861955326e-05,151,9.262275121467684e-05,-1.3103840687011665
175,GGG,GTG,GTT,6,3.028114529347729e-06,4,2.4535828136338237e-06,0.3035298057161171
176,TGG,GTG,GGT,16,8.074972078260611e-06,8,4.907165627267647e-06,0.7185673049949628
177,CGT,GTG,GGT,16,8.074972078260611e-06,8,4.907165627267647e-06,0.7185673049949628
178,GGT,GTG,GGT,6,3.028114529347729e-06,2,1.2267914068169118e-06,1.303529805716117
179,TCT,GTG,GGT,4,2.018743019565153e-06,181,0.00011102462231693052,-5.781278582088243
180,AGT,GTG,TTT,6,3.028114529347729e-06,173,0.00010611745668966287,-5.131098421920607
181,TCC,GTG,GGT,9,4.542171794021594e-06,181,0.00011102462231693052,-4.611353580645931
182,TCG,GTG,GGT,9,4.542171794021594e-06,6,3.6803742204507355e-06,0.30352980571612065
183,AGT,GTG,AGG,3,1.5140572646738645e-06,152,9.32361469180853e-05,-5.944397707727468
184,AGT,GTG,TGG,3,1.5140572646738645e-06,118,7.238069300219779e-05,-5.579113243645724
185,GTG,GTG,GGT,6,3.028114529347729e-06,4,2.4535828136338237e-06,0.3035298057161171
186,AGT,GTG,TGT,3,1.5140572646738645e-06,8,4.907165627267647e-06,-1.696470194283883
187,AGT,GTG,ATT,3,1.5140572646738645e-06,329,0.000201807186421382,-7.058413968019124
188,AGT,GTG,TAG,3,1.5140572646738645e-06,129,7.912804573969081e-05,-5.707697449707137
189,AGT,GTG,GTG,2,1.0093715097825764e-06,2,1.2267914068169118e-06,-0.2814326950050372
190,GTG,GTG,GTT,2,1.0093715097825764e-06,4,2.4535828136338237e-06,-1.2814326950050372
191,AGA,GTG,GGT,3,1.5140572646738645e-06,2,1.2267914068169118e-06,0.3035298057161171
192,GGG,GTG,GGT,4,2.018743019565153e-06,3,1.8401871102253677e-06,0.1336048042738085
193,AGT,GTT,GGA,1002,0.0005056951264010707,745,0.00045697979903929967,0.14613748284064698
194,GGT,GTT,GGT,6078,0.0030674800182292493,2744,0.001683157810152803,0.865883498344445
195,TCG,GTT,GGT,6165,0.0031113876789047915,5540,0.003398212196882846,-0.12721777665138667
196,TGG,GTT,GGT,1921,0.0009695013351461646,1994,0.0012231110325964612,-0.3352405857377061
197,GCT,GTT,GGT,1375,0.0006939429129755213,1453,0.0008912639570524864,-0.3610357793384953
198,TTT,GTT,GGT,2036,0.0010275401969586627,1944,0.0011924412474260382,-0.21472335253512398
199,TCA,GTT,GGT,2884,0.001455513717106475,2397,0.0014703095010700688,-0.014591439413349505
200,CAG,GTT,GGT,2137,0.0010785134582026827,372,0.0002281832016679456,2.240779686546741
201,CGT,GTT,GGT,2328,0.001174908437386919,1211,0.0007428221968276401,0.6614594982089184
202,GCG,GTT,GGT,1238,0.0006248009645554147,1224,0.00075079634097195,-0.2650249384834247
203,GGG,GTT,GGT,2790,0.001408073256146694,2548,0.0015629322522847456,-0.1505328505447885
204,TCT,GTT,GGT,4301,0.0021706534317874303,3520,0.002159152875997765,0.007664007414950547
205,ATT,GTT,GGT,2594,0.0013091548481880015,2453,0.0015046596604609424,-0.20080144931094068
206,AGT,GTT,TAT,466,0.00023518356177934028,360,0.00022082245322704413,0.0909003533195687
207,GTT,GTT,GGT,2604,0.0013142017057369143,1945,0.0011930546431294466,0.13952659828704306
208,AGT,GTT,GAT,866,0.00043705786373585554,923,0.0005661642342460048,-0.3733963179240867
209,CTT,GTT,GGT,1130,0.0005702949030271556,973,0.0005968340194164276,-0.06562163248359809
210,TGT,GTT,GGT,6373,0.0032163623159221794,4638,0.0028449292724084187,0.17703714576110308
211,AAG,GTT,GGT,873,0.0004405906640200946,900,0.0005520561330676103,-0.32537604259263553
212,GTG,GTT,GGT,3178,0.0016038913290445137,2176,0.0013347490506168001,0.26500787309314155
213,AGT,GTT,GTT,2306,0.0011638053507793105,1727,0.0010593343797864034,0.13569173511780974
214,TCC,GTT,GGT,2520,0.0012718081023260462,2547,0.0015623188565813372,-0.29680792089195407
215,ATG,GTT,GGT,1419,0.0007161490861907379,1885,0.0011562509009249394,-0.6911226291005121
216,ACT,GTT,GGT,1797,0.0009069203015396448,2046,0.0012550076091737009,-0.46864843124042643
217,ACG,GTT,GGT,1710,0.0008630126408641028,1731,0.0010617879626000372,-0.29904209459841624
218,TAT,GTT,GGT,1816,0.0009165093308825793,760,0.0004661807345904265,0.97526018395493
219,AGT,GTT,CGT,534,0.0002695021931119479,649,0.00039809381151208786,-0.5628114313166233
220,AAT,GTT,GGT,3009,0.0015185994364678862,1839,0.0011280346985681504,0.4289299319163611
221,AGG,GTT,GGT,4293,0.0021666159457483,2906,0.0017825279141049728,0.28151877480994436
222,TGT,GTT,GTT,449,0.00022660390394618838,12,7.360748440901471e-06,4.944176439014955
223,AGT,GTT,CCT,1396,0.0007045413138282383,370,0.00022695641026112867,1.634269070688303
224,CCT,GTT,GGT,1419,0.0007161490861907379,703,0.0004312171794961445,0.7318452999829788
225,AGT,GTT,AGT,1111,0.0005607058736842211,726,0.000445325280674539,0.3323846683883023
226,AGT,GTT,AAG,416,0.00020994927403477587,29,1.7788475398845222e-05,3.5610260280084827
227,TTG,GTT,GGT,3704,0.0018693560361173313,2217,0.0013598982744565467,0.45904263338789164
228,GAT,GTT,GGT,1020,0.000514779469989114,1387,0.0008507798406275284,-0.7248313304697831
229,AGT,GTT,CAT,257,0.00012970423900706107,251,0.00015396232155552244,-0.24735169976193205
230,TAG,GTT,GGT,2177,0.0010987008883983343,1483,0.0009096658281547401,0.27239011472853747
231,AGT,GTT,ACT,796,0.0004017298608934654,532,0.00032632651421329856,0.29990949003742173
232,AGC,GTT,GGT,950,0.00047945146714672374,624,0.0003827589189268765,0.3249487893510228
233,CCG,GTT,GGT,1136,0.0005733230175565034,551,0.00033798103257805923,0.7624059159284862
234,AGT,GTT,GGG,2085,0.0010522697989483359,1563,0.0009587374844274166,0.13429691032732372
235,CGG,GTT,GGT,1830,0.0009235749314510574,914,0.0005606436729153287,0.7201448831082988
236,CTG,GTT,GGT,696,0.00035126128540433657,760,0.0004661807345904265,-0.4083448074872571
237,AGT,GTT,CCG,545,0.00027505373641575204,325,0.00019935360360774816,0.46438381674343354
238,GAG,GTT,GGT,1334,0.0006732507970249784,869,0.0005330408662619482,0.33689788936514553
239,AGT,GTT,TGT,2082,0.001050755741683662,1875,0.0011501169438908549,-0.13035322197622534
240,CAT,GTT,GGT,1697,0.000856451726050516,710,0.00043551094942000367,0.9756629401455825
241,GCT,GTT,TGT,73,3.684206010706404e-05,29,1.7788475398845222e-05,1.0504108687474076
242,AGT,GTT,GGC,820,0.0004138423190108563,466,0.0002858423977883404,0.5338612598461285
243,AGA,GTT,GGT,1581,0.0007979081784831266,1213,0.000744048988234457,0.10082512223282336
244,AGT,GTT,ATG,373,0.00018824778657445049,88,5.397882189994412e-05,1.8021675066129035
245,CGT,GTT,TGT,47,2.3720230479890544e-05,16,9.814331254535295e-06,1.2731561566725986
246,AGT,GTT,GCG,109,5.501074728315041e-05,24,1.4721496881802942e-05,1.9017891290507336
247,AGT,GTT,ATT,321,0.0001620041273201035,188,0.00011531839224078972,0.49040794043962777
248,AGT,GTT,ACG,272,0.0001372745253304304,236,0.00014476138600439558,-0.07661290311653879
249,AGT,GTT,TCT,288,0.000145349497408691,155,9.507633402831066e-05,0.6123679011630383
250,AGT,GTT,GCT,582,0.0002937271093467297,470,0.0002882959806019743,0.026925701338246455
251,TGT,GTT,GGA,13,6.560914813586746e-06,11,6.747352737493015e-06,-0.04042459550124278
252,AGT,GTT,CTT,443,0.00022357578941684065,187,0.00011470499653738125,0.9628357336623452
253,AGT,GTT,TCG,328,0.00016553692760434252,188,0.00011531839224078972,0.5215304579354072
254,ACC,GTT,GGT,8,4.037486039130306e-06,9,5.520561330676103e-06,-0.45135769644734935
255,AGT,GTT,AAT,358,0.00018067750025108116,200,0.00012267914068169117,0.5585268924844939
256,AGT,GTT,TAG,90,4.5421717940215935e-05,116,7.115390159538089e-05,-0.6475605938029343
257,AGT,GTT,GAG,299,0.00015090104071249517,153,9.384954262149375e-05,0.6851811365004163
258,AGT,GTT,CAG,191,9.639497918423604e-05,373,0.00022879659737135404,-1.2470356872245265
259,AGT,GTT,CGG,155,7.822629200814967e-05,68,4.1710907831775004e-05,0.9072288690188604
260,AGT,GTT,GTG,154,7.772160625325838e-05,135,8.280841996014154e-05,-0.09146175136096701
261,AGT,GTT,TTG,200,0.00010093715097825763,164,0.00010059689535898676,0.004871490151602487
262,AGT,GTT,GCA,18,9.084343588043187e-06,12,7.360748440901471e-06,0.30352980571612065
263,AGT,GTT,CTG,193,9.740435069401862e-05,116,7.115390159538089e-05,0.45304334713547156
264,CGT,GTT,GGG,150,7.570286323369323e-05,57,3.4963555094281986e-05,1.114495981326101
265,AGT,GTT,TTT,187,9.437623616467089e-05,193,0.00011838537075783199,-0.32699527238548143
266,AGA,GTT,GGG,12,6.056229058695458e-06,4,2.4535828136338237e-06,1.303529805716117
267,AGT,GTT,CGA,36,1.8168687176086375e-05,19,1.1654518364760662e-05,0.6405647929936897
268,AGT,GTT,AGG,73,3.684206010706404e-05,4,2.4535828136338237e-06,3.9083918638749786
269,ACT,GTT,TGT,8,4.037486039130306e-06,6,3.6803742204507355e-06,0.1336048042738085
270,TCA,GTT,TGT,2,1.0093715097825764e-06,2,1.2267914068169118e-06,-0.2814326950050372
271,GGC,GTT,GGT,8,4.037486039130306e-06,2,1.2267914068169118e-06,1.7185673049949628
272,TGT,GTT,GGG,21,1.0598400852717052e-05,9,5.520561330676103e-06,0.9409597263314105
273,GTA,GTT,GGT,4,2.018743019565153e-06,73,4.477788634881728e-05,-4.471257253885055
274,AGG,GTT,GGG,44,2.220617321521668e-05,18,1.1041122661352206e-05,1.008073922189947
275,TGC,GTT,GGT,8,4.037486039130306e-06,3,1.8401871102253677e-06,1.1336048042738085
276,TTT,GTT,GTT,5,2.523428774456441e-06,3,1.8401871102253677e-06,0.45553289916117023
277,AGA,GTT,GTT,8,4.037486039130306e-06,9,5.520561330676103e-06,-0.45135769644734935
278,AGA,GTT,GGA,9,4.542171794021594e-06,6,3.6803742204507355e-06,0.30352980571612065
279,ATT,GTT,GGA,8,4.037486039130306e-06,10,6.133957034084559e-06,-0.6033607898923989
280,ACA,GTT,GGT,19,9.589029342934475e-06,16,9.814331254535295e-06,-0.03350518156145199
281,AGG,GTT,GGA,3,1.5140572646738645e-06,5,3.0669785170422796e-06,-1.0183982891712446
282,ATT,GTT,CGT,2,1.0093715097825764e-06,7,4.293769923859191e-06,-2.088787617062639
283,TGT,GTT,CGT,14,7.065600568478034e-06,3,1.8401871102253677e-06,1.9409597263314105
284,AGT,GTT,CCA,3,1.5140572646738645e-06,2,1.2267914068169118e-06,0.3035298057161171
285,AGG,GTT,GTT,13,6.560914813586746e-06,4,2.4535828136338237e-06,1.4190070231360536
286,TCG,GTT,GGC,2,1.0093715097825764e-06,4,2.4535828136338237e-06,-1.2814326950050372
287,TAG,GTT,GTT,2,1.0093715097825764e-06,2,1.2267914068169118e-06,-0.2814326950050372
288,ATT,GTT,GTT,15,7.570286323369322e-06,10,6.133957034084559e-06,0.3035298057161171
289,ATT,GTT,GGG,10,5.046857548912882e-06,2,1.2267914068169118e-06,2.0404953998823245
290,TCA,GTT,GTT,2,1.0093715097825764e-06,2,1.2267914068169118e-06,-0.2814326950050372
291,AGA,GTT,TGT,11,5.55154330380417e-06,11,6.747352737493015e-06,-0.2814326950050372
292,AGT,GTT,GTA,4,2.018743019565153e-06,2,1.2267914068169118e-06,0.7185673049949628
293,AGG,GTT,GCT,4,2.018743019565153e-06,3,1.8401871102253677e-06,0.1336048042738085
294,TGA,GTT,GGT,10,5.046857548912882e-06,47,2.882959806019743e-05,-2.514093451795313
295,CGT,GTT,TGG,3,1.5140572646738645e-06,3,1.8401871102253677e-06,-0.2814326950050372
296,ACT,GTT,GTT,9,4.542171794021594e-06,3,1.8401871102253677e-06,1.3035298057161206
297,AGT,GTT,TGA,4,2.018743019565153e-06,4,2.4535828136338237e-06,-0.2814326950050372
298,TTA,GTT,GGT,2,1.0093715097825764e-06,5,3.0669785170422796e-06,-1.603360789892399
299,ACT,GTT,CGT,4,2.018743019565153e-06,2,1.2267914068169118e-06,0.7185673049949628
300,AGT,GTT,TGG,17,8.5796578331519e-06,42,2.576261954315515e-05,-1.586287276533458
301,TGT,GTT,GCT,8,4.037486039130306e-06,3,1.8401871102253677e-06,1.1336048042738085
302,ACT,GTT,GCT,2,1.0093715097825764e-06,2,1.2267914068169118e-06,-0.2814326950050372
303,ATC,GTT,GGT,2,1.0093715097825764e-06,3,1.8401871102253677e-06,-0.8663951957261915
304,TGG,GTT,GTT,3,1.5140572646738645e-06,2,1.2267914068169118e-06,0.3035298057161171
305,TGT,GTT,GAT,5,2.523428774456441e-06,2,1.2267914068169118e-06,1.0404953998823245
306,ATT,GTT,TGT,10,5.046857548912882e-06,5,3.0669785170422796e-06,0.7185673049949628
307,TAC,GTT,GGT,3,1.5140572646738645e-06,4,2.4535828136338237e-06,-0.6964701942838829
308,AGA,GTT,GCT,6,3.028114529347729e-06,5,3.0669785170422796e-06,-0.01839828917124464
309,GGT,GTT,GGA,2,1.0093715097825764e-06,2,1.2267914068169118e-06,-0.2814326950050372
310,GGG,GTT,GTT,3,1.5140572646738645e-06,2,1.2267914068169118e-06,0.3035298057161171
311,TCC,GTT,GGG,5,2.523428774456441e-06,4,2.4535828136338237e-06,0.040495399882324534
312,TGT,GTT,TGT,6,3.028114529347729e-06,3,1.8401871102253677e-06,0.7185673049949628
313,CGT,GTT,GTT,4,2.018743019565153e-06,4,2.4535828136338237e-06,-0.2814326950050372
314,AGG,GTT,TGT,6,3.028114529347729e-06,4,2.4535828136338237e-06,0.3035298057161171
315,TAA,GTT,GGT,3,1.5140572646738645e-06,3,1.8401871102253677e-06,-0.2814326950050372
316,AGA,GTT,CGT,4,2.018743019565153e-06,5,3.0669785170422796e-06,-0.6033607898923989
317,GTT,GTT,GTT,5,2.523428774456441e-06,4,2.4535828136338237e-06,0.040495399882324534
318,GGT,GTT,GTT,2,1.0093715097825764e-06,2,1.2267914068169118e-06,-0.2814326950050372
319,ATT,GTT,GCT,4,2.018743019565153e-06,4,2.4535828136338237e-06,-0.2814326950050372
320,GGG,GTT,GGC,2,1.0093715097825764e-06,2,1.2267914068169118e-06,-0.2814326950050372
321,CTA,GTT,GGT,2,1.0093715097825764e-06,37,2.269564102611287e-05,-4.490886060633986
322,TCC,GTT,TGT,3,1.5140572646738645e-06,2,1.2267914068169118e-06,0.3035298057161171
323,TCG,GTT,GTT,2,1.0093715097825764e-06,5,3.0669785170422796e-06,-1.603360789892399
324,TCG,GTT,GGG,2,1.0093715097825764e-06,4,2.4535828136338237e-06,-1.2814326950050372
325,TCC,TAG,GGT,606,0.00030583956746412064,253,0.00015518911296233935,0.9787477137736023
326,TCA,TAG,GGT,364,0.0001837056147804289,83,5.091184338290184e-05,1.8513225138467337
327,TCT,TAG,GGT,81,4.087954614619434e-05,42,2.576261954315515e-05,0.6660998851008273
328,TCG,TAG,GGT,3,1.5140572646738645e-06,170,0.0001042772695794375,-6.105861130421584
329,TCC,TAT,GGT,161,8.12544065374974e-05,243,0.00014905515592825478,-0.8753283204962017
330,TCG,TAT,GGT,145,7.317943445923679e-05,113,6.931371448515552e-05,0.07829743259470767
331,TCA,TAT,GGT,235,0.00011860115239945272,104,6.379315315447942e-05,0.8946445334188695
332,TCT,TAT,GGT,177,8.9329378615758e-05,331,0.0002030339778281989,-1.184514551729258
333,AGT,TAT,GGT,22,1.110308660760834e-05,18,1.1041122661352206e-05,0.00807392218994707
334,TCC,TCG,GGT,604,0.00030483019595433806,283,0.00017359098406459302,0.812313801488159
335,TCT,TCG,GGT,257,0.00012970423900706107,153,9.384954262149375e-05,0.46680401149618866
336,TCA,TCG,GGT,105,5.299200426358526e-05,259,0.00015886948718279008,-1.5839954650254686
337,TCG,TCG,GGT,67,3.381394557771631e-05,123,7.544767151924007e-05,-1.157858009886505
338,TCA,TCT,GGT,486,0.00024527727687716607,78,4.7844864865859564e-05,2.3579775897384945
339,TCG,TCT,GGT,261,0.00013172298202662622,102,6.25663617476625e-05,1.0740479595933508
340,TCC,TCT,GGT,153,7.721692049836709e-05,435,0.00026682713098267834,-1.7889164430484765
341,TCC,TCT,GGG,72,3.633737435217275e-05,48,2.9442993763605884e-05,0.3035298057161189
342,TCT,TCT,GGT,132,6.661851964565004e-05,265,0.00016254986140324082,-1.2868871250971452
343,TCT,TGG,GGT,225,0.00011355429485053983,35,2.1468849619295957e-05,2.403065479267033
344,TCC,TGG,GGT,213,0.00010749806579184438,148,9.078256410445148e-05,0.24382355959185098
345,TCG,TGG,GGT,80,4.0374860391303054e-05,175,0.00010734424809647978,-1.4107157119500044
346,TCC,TGT,GGT,534,0.0002695021931119479,93,5.70458004169864e-05,2.2401044255744846
347,TCG,TGT,GGT,235,0.00011860115239945272,112,6.870031878174706e-05,0.7877293295023584
348,TCT,TGT,GGT,226,0.00011405898060543112,178,0.00010918443520670515,0.06301283644375211
349,TCA,TGT,GGT,109,5.501074728315041e-05,120,7.36074844090147e-05,-0.4201389658366299
350,TAG,TGT,TGG,132,6.661851964565004e-05,182,0.00011163801802033897,-0.7448332158452811
351,AGT,TGT,GGT,8,4.037486039130306e-06,5,3.0669785170422796e-06,0.39663921010760106
352,TCT,TTG,GGT,136,6.86372626652152e-05,177,0.0001085710395032967,-0.6615754038376949
353,TCA,TTG,GGT,90,4.5421717940215935e-05,208,0.00012758630630895884,-1.490019316816456
354,TCC,TTG,GGT,61,3.078583104836858e-05,279,0.0001711374012509592,-2.4748166692713394
355,CGG,TTG,GTT,326,0.00016452755609455995,229,0.0001404676160805364,0.22809167112909634
356,CTG,TTG,GTT,151,7.620754898858452e-05,330,0.00020242058212479046,-1.4093501699257747
357,CCG,TTG,GTT,96,4.8449832469563664e-05,4,2.4535828136338237e-06,4.303529805716117
358,GTG,TTG,GTT,58,2.9271773783694713e-05,139,8.526200277377537e-05,-1.542392772600973
359,TGG,TTG,GTT,92,4.643108944999851e-05,75,4.600467775563419e-05,0.013310570556095414
360,AGT,TTG,GGT,6,3.028114529347729e-06,5,3.0669785170422796e-06,-0.01839828917124464
361,TCG,TTG,GGT,150,7.570286323369323e-05,211,0.0001294264934191842,-0.7737131932163432
362,AGG,TTG,GTT,3,1.5140572646738645e-06,71,4.355109494200037e-05,-4.846217313788564
363,AGT,TTG,GTT,18,9.084343588043187e-06,24,1.4721496881802942e-05,-0.6964701942838794
364,GTT,TTG,GTT,2,1.0093715097825764e-06,2,1.2267914068169118e-06,-0.2814326950050372
365,TTG,TTG,GTT,6,3.028114529347729e-06,7,4.293769923859191e-06,-0.5038251163414849
366,AGT,TTT,GGT,1829,0.000923070245696166,1434,0.0008796094386877257,0.06957735604177451
367,TCG,TTT,GGT,136,6.86372626652152e-05,125,7.667446292605699e-05,-0.1597541384167851
368,TCA,TTT,GGT,805,0.000406272032687487,178,0.00010918443520670515,1.8956788470305437
369,TCC,TTT,GGT,540,0.0002725303076412956,210,0.00012881309771577574,1.0811373843796712
370,TCT,TTT,GGT,194,9.79090364489099e-05,194,0.00011899876646124045,-0.2814326950050372
371,AGT,TTT,GTT,29,1.4635886891847356e-05,25,1.5334892585211397e-05,-0.06730788965218792
372,ATT,TTT,GGT,50,2.5234287744564408e-05,39,2.3922432432929782e-05,0.07702127590743757
373,GTT,TTT,GGT,6,3.028114529347729e-06,4,2.4535828136338237e-06,0.3035298057161171
374,GTG,TTT,GGT,5,2.523428774456441e-06,3,1.8401871102253677e-06,0.45553289916117023
375,AGT,TTT,GGA,9,4.542171794021594e-06,3,1.8401871102253677e-06,1.3035298057161206
376,AGG,TTT,GGT,10,5.046857548912882e-06,8,4.907165627267647e-06,0.040495399882324534
377,AGT,TTT,GGG,4,2.018743019565153e-06,2,1.2267914068169118e-06,0.7185673049949628
378,AGA,TTT,GGT,4,2.018743019565153e-06,2,1.2267914068169118e-06,0.7185673049949628
379,TAG,TTT,GGT,5,2.523428774456441e-06,4,2.4535828136338237e-06,0.040495399882324534
380,TGT,TTT,GGT,16,8.074972078260611e-06,17,1.0427726957943751e-05,-0.3688955362553763
381,TTG,TTT,GGT,9,4.542171794021594e-06,3,1.8401871102253677e-06,1.3035298057161206
382,GGT,TTT,GGT,5,2.523428774456441e-06,6,3.6803742204507355e-06,-0.5444671008388298
383,AGT,TTT,CGT,3,1.5140572646738645e-06,4,2.4535828136338237e-06,-0.6964701942838829
384,TTT,TTT,GGT,5,2.523428774456441e-06,5,3.0669785170422796e-06,-0.2814326950050372
385,ATG,TTT,GGT,6,3.028114529347729e-06,2,1.2267914068169118e-06,1.303529805716117
386,ATT,TTT,GTT,2,1.0093715097825764e-06,2,1.2267914068169118e-06,-0.2814326950050372
387,AGT,TTT,TGT,3,1.5140572646738645e-06,8,4.907165627267647e-06,-1.696470194283883
388,AGT,GTT,GGT,1981431,1.0,1630269,1.0,0.0
