,site_1,site_2,site_3,count_x_x,proportion_x_x,count_y_x,proportion_y_x,ratio_x,count_x_y,proportion_x_y,count_y_y,proportion_y_y,ratio_y,mean,std
GAAAAGCCC,GAA,AAG,CCC,647.0,0.0005805601193782,360.0,0.0022352057320609,-1.9448902486561792,198.0,0.0001431598857323,2085.0,0.0028269269880008,-4.303535420230537,-3.124212834443358,1.6678139952331361
GAAAATCCG,GAA,AAT,CCG,945.0,0.0008479587524148,674.0,0.0041848018428029,-2.3030933163924354,237.0,0.0001713580450433,3130.0,0.0042437800827062,-4.630264064899841,-3.4666786906461384,1.6455582172485603
GAAACGCCA,GAA,ACG,CCA,505.0,0.0004531419788037,166.0,0.0010306781986725,-1.1855589080267794,431.0,0.000311625811872,499.0,0.0006765643007253,-1.118412318226282,-1.1519856131265307,0.04747980898148323
GAAAGGCCG,GAA,AGG,CCG,1074.0,0.0009637118519508,1144.0,0.0071029871041047,-2.8817521131119896,250.0,0.0001807574314802,4500.0,0.0061012812690665,-5.076985373420431,-3.9793687432662104,1.5522643246503525
GAAAGGCCA,GAA,AGG,CCA,1449.0,0.0013002034203694,1761.0,0.0109338813726646,-3.0719963685932914,423.0,0.0003058415740646,7498.0,0.0101660904345468,-5.054836629146259,-4.063416498869776,1.4020797942467045
GAAAGTCCA,GAA,AGT,CCA,127.0,0.0001139584778377,385.0,0.0023904283523429,-4.3906890031291095,474.0,0.0003427160900866,2182.0,0.0029584434953562,-3.1097525094034677,-3.7502207562662884,0.9057588809827207
GAAATGCCA,GAA,ATG,CCA,766.0,0.000687340110423,112.0,0.0006953973388633,-0.0168133944516597,321.0,0.0002320925420206,372.0,0.0005043725849094,-1.1197896959638474,-0.5683015452077536,0.7799220222873259
GAAATTCCA,GAA,ATT,CCA,358.0,0.0003212372839836,70.0,0.0004346233367896,-0.4361262939997221,200.0,0.0001446059451842,181.0,0.0002454070910446,-0.7630500692866011,-0.5995881816431616,0.2311700184364592
GAAATTCCG,GAA,ATT,CCG,440.0,0.0003948167736111,14.0,8.692466735792474e-05,2.183345737148043,,,,,,2.183345737148043,
GAAATTCCT,GAA,ATT,CCT,105.0,9.421763915720977e-05,32.0,0.0001986849539609,-1.0764135366528895,,,,,,-1.0764135366528895,
GAACAGCCC,GAA,CAG,CCC,965.0,0.0008659049693972,193.0,0.0011983186285771,-0.4687309594316495,187.0,0.0001352065587472,1174.0,0.0015917564910853,-3.5573826052005355,-2.0130567823160925,2.1840065234461696
GAACATCCA,GAA,CAT,CCA,919.0,0.0008246286703378,239.0,0.001483928249896,-0.8476048110107257,,,,,,-0.8476048110107257,
GAACATCCC,GAA,CAT,CCC,139.0,0.0001247262080271,55.0,0.0003414897646204,-1.4530776951201627,122.0,8.820962656237686e-05,311.0,0.0004216663277065,-2.2570938045458373,-1.855085749833,0.5685252431581197
GAACATCCG,GAA,CAT,CCG,528.0,0.0004737801283333,136.0,0.0008444110543341,-0.8337277762108979,321.0,0.0002320925420206,619.0,0.0008392651345671,-1.85442648407008,-1.344077130140489,0.7217429778755744
GAACCTCCT,GAA,CCT,CCT,108.0,9.69095717045586e-05,262.0,0.0016267330605554,-4.069194553692995,262.0,0.0001894337881913,443.0,0.0006006372449325,-1.6648002589956867,-2.866997406344341,1.7001635104267128
GAACCTCCA,GAA,CCT,CCA,298.0,0.0002673986330366,328.0,0.0020365207780999,-2.929042538474933,,,,,,-2.929042538474933,
GAACGGCCA,GAA,CGG,CCA,776.0,0.0006963132189142,1204.0,0.0074755213927815,-3.424365888891586,556.0,0.0004020045276121,5295.0,0.0071791742932682,-4.158534268134311,-3.7914500785129484,0.5191354394952676
GAACGGCCG,GAA,CGG,CCG,196.0,0.0001758729264267,923.0,0.0057308191408117,-5.026136047849577,,,,,,-5.026136047849577,
GAACGTCCA,GAA,CGT,CCA,1723.0,0.0015460665930273,841.0,0.0052216889462867,-1.7559140583492088,194.0,0.0001402677668286,4243.0,0.0057528303165887,-5.358016493081728,-3.556965275715468,2.5470710581279374
TGGCTGCCA,TGG,CTG,CCA,441.0,0.0003957140844602,75.0,0.000465667860846,-0.2348428992573712,484.0,0.0003499463873458,506.0,0.0006860551826994,-0.9711907093978348,-0.603016804327603,0.5206765298621863
GAACTGATT,GAA,CTG,ATT,785.0,0.0007043890165562,42.0,0.0002607740020737,1.4335723666812168,,,,,,1.4335723666812168,
TCGCTGCCA,TCG,CTG,CCA,538.0,0.0004827532368245,128.0,0.0007947398158438,-0.719196691762388,212.0,0.0001532823018952,237.0,0.0003213341468375,-1.0678831663131785,-0.8935399290377832,0.2465585706628945
GAACTGTTG,GAA,CTG,TTG,259.0,0.0002324035099211,24.0,0.0001490137154707,0.6411867326463856,607.0,0.0004388790436341,91.0,0.0001233814656633,1.8306976940788664,1.2359422133626259,0.8411112671246369
GAACTGGTT,GAA,CTG,GTT,1060.0,0.0009511495000632,43.0,0.000266982906885,1.8329247404294515,276.0,0.0001995562043542,67.0,9.084129889499016e-05,1.1353748943422772,1.4841498173858643,0.49324222638387344
TTGCTGCCA,TTG,CTG,CCA,152.0,0.0001363912490656,24.0,0.0001490137154707,-0.1276940415965839,602.0,0.0004352638950045,156.0,0.0002115110839943,1.041157085919334,0.456731522161375,0.8265025584640475
GGGCTGCCA,GGG,CTG,CCA,445.0,0.0003993033278567,20.0,0.0001241780962256,1.6850743766473857,789.0,0.0005704704537517,91.0,0.0001233814656633,2.209026477836643,1.9470504272420142,0.37049008376786385
AGGCTGCCA,AGG,CTG,CCA,1102.0,0.0009888365557261,28.0,0.0001738493347158,2.507894532194541,538.0,0.0003889899925455,146.0,0.0001979526811741,0.9745774316984868,1.741235981946514,1.084218919470055
GAGCTGCCA,GAG,CTG,CCA,282.0,0.0002530416594507,23.0,0.0001428048106594,0.8253303420227684,,,,,,0.8253303420227684,
GAACTGCCT,GAA,CTG,CCT,420.0,0.0003768705566288,19.0,0.0001179691914143,1.675658949903525,277.0,0.0002002792340801,73.0,9.897634058707884e-05,1.0168572351910503,1.3462580925472878,0.46584315993051617
TGTCTGCCA,TGT,CTG,CCA,1063.0,0.0009538414326106,85.0,0.0005277569089588,0.8538758910743915,479.0,0.0003463312387162,474.0,0.000642668293675,-0.8919217751401973,-0.01902294203290289,1.2344653683599847
GTGCTGCCA,GTG,CTG,CCA,600.0,0.0005383865094697,89.0,0.0005525925282039,-0.0375737947895284,760.0,0.0005495025917,492.0,0.0006670734187512,-0.2797192689864118,-0.1586465318879701,0.17122270683824842
GATCTGCCA,GAT,CTG,CCA,418.0,0.0003750759349306,810.0,0.005029212897137,-3.745078020010116,618.0,0.0004468323706192,2574.0,0.003489932885906,-2.9653936822944456,-3.3552358511522806,0.5513200823836929
GAACTGAGT,GAA,CTG,AGT,244.0,0.0002189438471843,36.0,0.000223520573206,-0.0298467181984385,,,,,,-0.0298467181984385,
ACGCTGCCA,ACG,CTG,CCA,651.0,0.0005841493627747,722.0,0.0044828292737444,-2.940000348040547,175.0,0.0001265302020361,1971.0,0.0026723611958511,-4.400561321189276,-3.6702808346149114,1.0327725684498892
GAACTGTCG,GAA,CTG,TCG,872.0,0.0007824550604293,31.0,0.0001924760491496,2.023328960071039,107.0,7.736418067356003e-05,64.0,8.677377804894583e-05,-0.1655933855769724,0.9288677872470332,1.5478018340984727
CGGCTGCCA,CGG,CTG,CCA,174.0,0.0001561320877462,63.0,0.0003911610031106,-1.3249954819702,298.0,0.0002154628583244,59.0,7.999457663887194e-05,1.4294650991222009,0.05223480857600049,1.9476977554014747
GTTCTGCCA,GTT,CTG,CCA,615.0,0.0005518461722065,166.0,0.0010306781986725,-0.9012558854393332,649.0,0.0004692462921228,442.0,0.0005992814046505,-0.3528882633704135,-0.6270720744048733,0.387754464148075
CCTCTGCCA,CCT,CTG,CCA,201.0,0.0001803594806723,547.0,0.0033962709317703,-4.235004385932639,,,,,,-4.235004385932639,
CATCTGCCA,CAT,CTG,CCA,562.0,0.0005042886972033,87.0,0.0005401747185813,-0.0991762299468135,286.0,0.0002067865016134,195.0,0.0002643888549928,-0.3545193489493403,-0.22684778944807688,0.1805548509760103
TAGCTGCCA,TAG,CTG,CCA,311.0,0.0002790636740751,662.0,0.0041102949850675,-3.8805756909956255,709.0,0.000512628075678,2651.0,0.0035943325876211,-2.809739509605862,-3.3451576003007437,0.7571955254006096
GAACTGTAG,GAA,CTG,TAG,190.0,0.000170489061332,1529.0,0.0094934154564476,-5.799176137348868,1069.0,0.0007729187770096,3725.0,0.005050505050505,-2.708038944494516,-4.253607540921692,2.185764070645261
TTTCTGCCA,TTT,CTG,CCA,157.0,0.0001408778033112,201.0,0.0012479898670673,-3.1470899966063133,759.0,0.0005487795619741,677.0,0.000917903870924,-0.742116320137649,-1.9446031583719812,1.7005731952061345
GAACTGGAT,GAA,CTG,GAT,135.0,0.0001211369646306,15.0,9.313357216920509e-05,0.3792659471233008,256.0,0.0001850956098358,309.0,0.0004189546471425,-1.1785233998824935,-0.39962872637959634,1.101523410927961
GAACTGGGT,GAA,CTG,GGT,120.0,0.0001076773018939,9.0,5.5880143301523046e-05,0.9463065398471944,252.0,0.0001822034909321,66.0,8.94854586129754e-05,1.0258254321633429,0.9860659860052686,0.056228347989191456
GAACTGAAG,GAA,CTG,AAG,214.0,0.0001920245217108,35.0,0.0002173116683948,-0.1784750848628302,138.0,9.97781021771148e-05,132.0,0.0001789709172259,-0.842930034558405,-0.5107025597106176,0.4698406007227073
GAACTGGAG,GAA,CTG,GAG,202.0,0.0001812567915214,50.0,0.000310445240564,-0.776303761341941,246.0,0.0001778653125765,179.0,0.0002426954104806,-0.4483616439031355,-0.6123327026225382,0.23189009507765454
GGTCTTCCA,GGT,CTT,CCA,917.0,0.0008228340486396,27.0,0.0001676404299045,2.2952313671125744,131.0,9.471689409566696e-05,106.0,0.0001437190698935,-0.6015578250038676,0.8468367710543534,2.048339281413437
GTTCTTCCA,GTT,CTT,CCA,286.0,0.0002566309028472,66.0,0.0004097877175445,-0.6751818368990747,667.0,0.0004822608271893,336.0,0.0004555623347569,0.0821651564277061,-0.29650834023568434,0.5355251946926097
AATCTTCCA,AAT,CTT,CCA,1081.0,0.0009699930278947,1187.0,0.0073699700109897,-2.9256124662262675,332.0,0.0002400458690058,2224.0,0.0030153887872008,-3.650962013354702,-3.2882872397904848,0.5128995835051073
GAACTTCAG,GAA,CTT,CAG,498.0,0.0004468608028599,49.0,0.0003042363357527,0.554633033633861,291.0,0.000210401650243,32.0,4.338688902447292e-05,2.277814970930164,1.4162240022820125,1.218473633080388
GAACTTGAG,GAA,CTT,GAG,228.0,0.0002045868735985,17.0,0.0001055513817917,0.9547681185953908,370.0,0.0002675209985908,103.0,0.0001396515490475,0.9378205613549736,0.9462943399751822,0.011983732649246166
GAACTTTAT,GAA,CTT,TAT,1062.0,0.0009529441217614,46.0,0.0002856096213188,1.7383470404281294,118.0,8.531750765869237e-05,136.0,0.000184394278354,-1.1118801638666174,0.313233438280756,2.0154149840791904
GAACTTGGT,GAA,CTT,GGT,400.0,0.0003589243396465,35.0,0.0002173116683948,0.7239141185107467,,,,,,0.7239141185107467,
TTGCTTCCA,TTG,CTT,CCA,936.0,0.0008398829547728,27.0,0.0001676404299045,2.3248181631009235,299.0,0.0002161858880504,117.0,0.0001586333129957,0.446576582636581,1.3856973728687523,1.328117358252875
GAACTTATT,GAA,CTT,ATT,400.0,0.0003589243396465,15.0,9.313357216920509e-05,1.9463065398471944,407.0,0.0002942730984498,173.0,0.0002345603687885,0.3271963846514012,1.1367514622492978,1.1448837702269488
CAGCTTCCA,CAG,CTT,CCA,142.0,0.0001274181405745,26.0,0.0001614315250932,-0.3413516529554208,130.0,9.399386436974584e-05,82.0,0.0001111789031252,-0.2422445635677483,-0.29179810826158453,0.07007929496968456
GTGCTTCCA,GTG,CTT,CCA,294.0,0.0002638093896401,12.0,7.450685773536405e-05,1.824050789796196,192.0,0.0001388217073768,100.0,0.0001355840282014,0.0340459389683118,0.9290483643822539,1.2657245683772114
GAACTTAAT,GAA,CTT,AAT,554.0,0.0004971102104104,15.0,9.313357216920509e-05,2.416192516121658,,,,,,2.416192516121658,
GCGCTTCCA,GCG,CTT,CCA,533.0,0.0004782666825789,43.0,0.000266982906885,0.8410679137380654,265.0,0.000191602877369,156.0,0.0002115110839943,-0.1426140413898071,0.34922693617412914,0.6955681810017599
GAACTTGGG,GAA,CTT,GGG,141.0,0.0001265208297253,34.0,0.0002111027635835,-0.7385705431705585,291.0,0.000210401650243,44.0,5.965697240865026e-05,1.818383352292868,0.5399064045611548,1.8080394386635474
ACTCTTCCA,ACT,CTT,CCA,764.0,0.0006855454887248,467.0,0.0028995585468679,-2.080508965992925,214.0,0.0001547283613471,1304.0,0.0017680157277472,-3.5143215398080496,-2.797415252900487,1.013858593895212
GAACTTCGG,GAA,CTT,CGG,1025.0,0.0009197436203441,21.0,0.0001303870010368,2.818431717295036,172.0,0.0001243611128584,36.0,4.881025015253203e-05,1.3492793812816668,2.0838555492883515,1.0388475793911107
TTTCTTCCA,TTT,CTT,CCA,136.0,0.0001220342754798,388.0,0.0024090550667767,-4.303109055255799,459.0,0.0003318706441977,426.0,0.0005775879601382,-0.7994196487901508,-2.551264352022975,2.4774825384833297
GAACTTCAT,GAA,CTT,CAT,182.0,0.0001633105745391,45.0,0.0002794007165076,-0.7747175104499906,251.0,0.0001814804612062,31.0,4.203104874245814e-05,2.110286871585778,0.6677846805678938,2.040006162290397
CGTCTTCCA,CGT,CTT,CCA,139.0,0.0001247262080271,4.0,2.4835619245121352e-05,2.3282820184044954,151.0,0.000109177488614,185.0,0.0002508304521727,-1.2000370931693531,0.5641224626175712,2.494898369983963
GAACTTTTT,GAA,CTT,TTT,247.0,0.0002216357797317,108.0,0.0006705617196182,-1.5971793248978037,,,,,,-1.5971793248978037,
AGGCTTCCA,AGG,CTT,CCA,123.0,0.0001103692344413,110.0,0.0006829795292408,-2.629504262504432,786.0,0.000568301364574,125.0,0.0001694800352518,1.7455408456184005,-0.44198170844301565,3.093624063950687
GAAGAGCCA,GAA,GAG,CCA,2130.0,0.0019112721086176,1444.0,0.0089656585474888,-2.2298763660929826,744.0,0.0005379341160853,6533.0,0.0088577045624025,-4.041431485271233,-3.135653925682108,1.2809629092641452
GAAGAGCCG,GAA,GAG,CCG,107.0,9.601226085544232e-05,995.0,0.0061778602872239,-6.007744783348875,667.0,0.0004822608271893,4438.0,0.0060172191715815,-3.641211372990545,-4.82447807816971,1.673391822368902
GAAGAGCCT,GAA,GAG,CCT,160.0,0.0001435697358586,896.0,0.0055631787109071,-5.276085881489253,587.0,0.0004244184491156,3620.0,0.0049081418208934,-3.5316176608386343,-4.403851771163944,1.2335253083864832
GAAGATCCT,GAA,GAT,CCT,1097.0,0.0009843500014805,464.0,0.002880931832434,-1.5492922390433908,523.0,0.0003781445466567,794.0,0.0010765371839197,-1.509388432874136,-1.5293403359587634,0.028216251937433594
GAAGATCCG,GAA,GAT,CCG,327.0,0.000293420647661,228.0,0.0014156302969719,-2.2704022429856714,897.0,0.0006485576641512,1517.0,0.0020568097078164,-1.665101567305891,-1.9677519051457812,0.4280122124299718
GAAGATCCA,GAA,GAT,CCA,344.0,0.000308674932096,306.0,0.0018999248722517,-2.6217821423095664,357.0,0.0002581216121538,2115.0,0.0028676021964612,-3.4737220559563315,-3.047752099132949,0.6024124901031094
GAAGCGCCT,GAA,GCG,CCT,103.0,9.24230174589772e-05,366.0,0.0022724591609286,-4.619858365419836,267.0,0.0001930489368209,959.0,0.0013002508304521,-2.751751445308697,-3.6858049053642667,1.3209510711921026
GAAGCGCCA,GAA,GCG,CCA,1043.0,0.0009358952156282,602.0,0.0037377606963907,-1.997755288558949,486.0,0.0003513924467976,1305.0,0.0017693715680292,-2.332081959829585,-2.164918624194267,0.23640465638699262
GAAGCTCCT,GAA,GCT,CCT,830.0,0.0007447680047665,97.0,0.0006022637666941,0.3063956297281471,147.0,0.0001062853697104,685.0,0.0009287505931801,-3.1273482049896444,-1.4104762876307486,2.4280235503864502
GAAGCTCCG,GAA,GCT,CCG,454.0,0.0004073791254987,215.0,0.0013349145344252,-1.7123034166175568,163.0,0.0001178538453251,828.0,0.0011226357535082,-3.251819175246368,-2.4820612959319623,1.0886020326699843
GAAGCTCCC,GAA,GCT,CCC,107.0,9.601226085544232e-05,76.0,0.0004718767656573,-2.29711958136145,,,,,,-2.29711958136145,
GAAGGGCCG,GAA,GGG,CCG,449.0,0.0004028925712532,512.0,0.0031789592633755,-2.980087419577865,1127.0,0.0008148545011131,2249.0,0.0030492847942512,-1.9038565175837137,-2.4419719685807895,0.761010168922579
GAAGGGCCT,GAA,GGG,CCT,267.0,0.000239581996714,596.0,0.003700507267523,-3.9491316430936183,845.0,0.0006109601184033,1839.0,0.0024933902786251,-2.0289586052205117,-2.989045124157065,1.357767376131647
GAAGGGCCA,GAA,GGG,CCA,693.0,0.0006218364184375,1104.0,0.0068546309116534,-3.4624719689599672,1516.0,0.0010961130644964,3874.0,0.0052525252525252,-2.260614572410282,-2.8615432706851247,0.8498415151194918
GAAGGTCCG,GAA,GGT,CCG,856.0,0.0007680980868435,585.0,0.0036322093145989,-2.2414848823886317,988.0,0.00071435336921,2038.0,0.0027632024947461,-1.951631476559255,-2.096558179473943,0.20495730881196864
GAAGGTCCA,GAA,GGT,CCA,2455.0,0.0022028981345804,735.0,0.004563545036291,-1.0507521848406831,1070.0,0.0007736418067356,2067.0,0.0028025218629245,-1.8569879641150584,-1.4538700744778708,0.5700947867601314
GAAGTGCCT,GAA,GTG,CCT,149.0,0.0001336993165183,137.0,0.0008506199591454,-2.6695226168173765,179.0,0.0001294223209398,234.0,0.0003172666259914,-1.293609314297267,-1.981565965557322,0.972917626536747
GAAGTGCCA,GAA,GTG,CCA,200.0,0.0001794621698232,151.0,0.0009375446265033,-2.3852076038693664,513.0,0.0003709142493975,370.0,0.0005016609043454,-0.4356268168873782,-1.4104172103783723,1.3785617949459696
GAAGTGCCG,GAA,GTG,CCG,106.0,9.511495000632605e-05,133.0,0.0008257843399002,-3.118021035257001,128.0,9.25478049179036e-05,583.0,0.0007904548844146,-3.094412445178616,-3.1062167402178087,0.016693794138679562
GAAGTTCCG,GAA,GTT,CCG,662.0,0.0005940197821149,45.0,0.0002794007165076,1.0881752561585325,130.0,9.399386436974584e-05,100.0,0.0001355840282014,-0.5285487487243898,0.27981325371707133,1.1431965071597874
GAAGTTCCA,GAA,GTT,CCA,179.0,0.0001606186419918,72.0,0.0004470411464121,-1.4767682784970688,120.0,8.676356711053462e-05,368.0,0.0004989492237814,-2.5237317324266133,-2.000250005461841,0.7403149579280704
GAATAGCCG,GAA,TAG,CCG,140.0,0.0001256235188762,1426.0,0.0088538982608857,-6.139134303817933,740.0,0.0005350419971816,3138.0,0.0042546268049623,-2.991308548429905,-4.5652214261239195,2.225848937628541
GAATAGCCC,GAA,TAG,CCC,1203.0,0.0010794649514868,618.0,0.0038371031733712,-1.82970115504731,260.0,0.0001879877287394,1492.0,0.002022913700766,-3.4277243792049017,-2.628712767126106,1.1299730582954235
GAATAGCCT,GAA,TAG,CCT,2220.0,0.0019920300850381,1406.0,0.0087297201646601,-2.1316959721540787,1019.0,0.0007367672907136,2536.0,0.0034384109551894,-2.222461065951713,-2.1770785190528956,0.06418061331934027
GAATAGCCA,GAA,TAG,CCA,117.0,0.0001049853693466,1646.0,0.0102198573193674,-6.605042955157233,327.0,0.0002364307203762,4933.0,0.0066883601111789,-4.82216311847453,-5.713603036815882,1.2606864225591037
GAATATCCC,GAA,TAT,CCC,289.0,0.0002593228353946,477.0,0.0029616475949807,-3.513578827823844,366.0,0.0002646288796871,1816.0,0.0024622059521388,-3.217909020984992,-3.365743924404418,0.20907012540786885
GAATATCCT,GAA,TAT,CCT,329.0,0.0002952152693592,945.0,0.0058674150466599,-4.3128857996922045,,,,,,-4.3128857996922045,
GAATATCCG,GAA,TAT,CCG,124.0,0.0001112665452904,1376.0,0.0085434530203217,-6.262727498634233,154.0,0.0001113465777918,4686.0,0.0063534675615212,-5.834415070146354,-6.0485712843902935,0.30286262265025743
GAATCGCCA,GAA,TCG,CCA,1543.0,0.0013845506401864,510.0,0.0031665414537529,-1.193490144607134,1073.0,0.0007758108959133,2441.0,0.003309606128398,-2.09288259100275,-1.643186367804942,0.6359664977942987
GAATCGCCG,GAA,TCG,CCG,145.0,0.0001301100731218,429.0,0.0026636201640392,-4.355583801803624,154.0,0.0001113465777918,2176.0,0.0029503084536641,-4.727736672533558,-4.541660237168591,0.2631518185311771
GAATCTCCA,GAA,TCT,CCA,873.0,0.0007833523712785,530.0,0.0032907195499785,-2.0706697601401327,408.0,0.0002949961281758,1908.0,0.0025869432580841,-3.1324804860121347,-2.6015751230761337,0.7508135646007029
GAATGGCCT,GAA,TGG,CCT,606.0,0.0005437703745644,442.0,0.0027443359265859,-2.335387630237493,976.0,0.000705677012499,623.0,0.0008446884956952,-0.2594113874392363,-1.2973995088383647,1.467936878864818
GAATGGCCA,GAA,TGG,CCA,159.0,0.0001426724250094,638.0,0.0039612812695968,-4.795188712799525,720.0,0.0005205814026632,1587.0,0.0021517185275574,-2.0472936884836272,-3.421241200641576,1.943055205682544
GAATGTCCG,GAA,TGT,CCG,335.0,0.0003005991344539,506.0,0.0031417058345078,-3.385635343668186,459.0,0.0003318706441977,1967.0,0.002666937834723,-3.006491270842842,-3.196063307255514,0.26809534494148707
GAATTGCCG,GAA,TTG,CCG,859.0,0.0007707900193908,25.0,0.000155222620282,2.311999077044728,454.0,0.0003282554955681,190.0,0.0002576096535828,0.3496325069818464,1.3308157920132873,1.3876027088652498
GAATTGCCT,GAA,TTG,CCT,276.0,0.000247657794356,46.0,0.0002856096213188,-0.2056965535978552,203.0,0.0001467750343619,134.0,0.0001816825977899,-0.3078136452507145,-0.2567550994242848,0.072207687982785
GAATTGCCA,GAA,TTG,CCA,422.0,0.000378665178327,230.0,0.0014280481065944,-1.9150499165562012,683.0,0.0004938293028041,845.0,0.0011456850383024,-1.214126134857576,-1.5645880257068887,0.49562795913401714
GAATTTCCA,GAA,TTT,CCA,3070.0,0.0027547443067869,1047.0,0.0065007233374105,-1.238681840992279,3099.0,0.0022406691206295,3614.0,0.0049000067792014,-1.1288541232565024,-1.1837679821243907,0.07765992397320977
GAATTTCCG,GAA,TTT,CCG,426.0,0.0003822544217235,227.0,0.0014094213921606,-1.882497921384088,355.0,0.0002566755527019,584.0,0.0007918107246966,-1.6252097164660937,-1.7538538189250907,0.1819302344168278
GATTTTCCA,GAT,TTT,CCA,157.0,0.0001408778033112,62.0,0.0003849520982993,-1.45023461581426,175.0,0.0001265302020361,200.0,0.0002711680564029,-1.0997054499205152,-1.2749700328673876,0.24786155020713124
GAATTACCA,GAA,TTA,CCA,1114441.0,1.0,161059.0,1.0,0.0,1383069.0,1.0,737550.0,1.0,0.0,0.0,0.0
GAAAAGCCA,GAA,AAG,CCA,,,,,,770.0,0.0005567328889592,4416.0,0.0059873906853772,-3.4268701931740244,-3.4268701931740244,
GAAAAGCCT,GAA,AAG,CCT,,,,,,375.0,0.0002711361472204,2952.0,0.0040024405125076,-3.883790592655272,-3.883790592655272,
GAAAATCCA,GAA,AAT,CCA,,,,,,350.0,0.0002530604040723,3326.0,0.0045095247779811,-4.155421713433059,-4.155421713433059,
GAAACGCCG,GAA,ACG,CCG,,,,,,250.0,0.0001807574314802,585.0,0.0007931665649786,-2.1335689017867985,-2.1335689017867985,
GAAACGCCT,GAA,ACG,CCT,,,,,,107.0,7.736418067356003e-05,422.0,0.0005721645990102,-2.886692574284158,-2.886692574284158,
GAAACTCCT,GAA,ACT,CCT,,,,,,122.0,8.820962656237686e-05,150.0,0.0002033760423022,-1.2051417249111154,-1.2051417249111154,
GAAACTCCC,GAA,ACT,CCC,,,,,,107.0,7.736418067356003e-05,201.0,0.0002725238966849,-1.8166450767559008,-1.8166450767559008,
GAAAGGCCT,GAA,AGG,CCT,,,,,,571.0,0.0004128499735009,3708.0,0.0050274557657108,-3.606138965240808,-3.606138965240808,
GAAAGGCCC,GAA,AGG,CCC,,,,,,171.0,0.0001236380831325,2295.0,0.0031116534472239,-4.653486295393392,-4.653486295393392,
GAAAGTCCT,GAA,AGT,CCT,,,,,,284.0,0.0002053404421615,1600.0,0.0021693444512236,-3.401169442248163,-3.401169442248163,
GAAAGTCCG,GAA,AGT,CCG,,,,,,400.0,0.0002892118903684,2255.0,0.0030574198359433,-3.402115900346139,-3.402115900346139,
GAAATGCCG,GAA,ATG,CCG,,,,,,430.0,0.000310902782146,134.0,0.0001816825977899,0.7750432871535686,0.7750432871535686,
GAAATGCCT,GAA,ATG,CCT,,,,,,372.0,0.0002689670580426,86.0,0.0001166022642532,1.205833684427814,1.205833684427814,
GAAATTCCC,GAA,ATT,CCC,,,,,,169.0,0.0001221920236806,46.0,6.236865297267982e-05,0.9702571082470524,0.9702571082470524,
GAACAGCCA,GAA,CAG,CCA,,,,,,181.0,0.0001308683803917,2615.0,0.0035455223374686,-4.759809716029217,-4.759809716029217,
GAACAGCCT,GAA,CAG,CCT,,,,,,297.0,0.0002147398285985,2194.0,0.0029747135787404,-3.792089061580548,-3.792089061580548,
GAACATCCT,GAA,CAT,CCT,,,,,,125.0,9.037871574014022e-05,293.0,0.0003972612026303,-2.1360329417382804,-2.1360329417382804,
GAACCGCCG,GAA,CCG,CCG,,,,,,150.0,0.0001084544588881,804.0,0.0010900955867398,-3.3292933726611675,-3.3292933726611675,
GAACGGCCT,GAA,CGG,CCT,,,,,,265.0,0.000191602877369,2270.0,0.0030777574401735,-4.005688404705836,-4.005688404705836,
GAACGGCCC,GAA,CGG,CCC,,,,,,104.0,7.519509149579667e-05,2383.0,0.0032309673920412,-5.425183890027299,-5.425183890027299,
GAACGTCCT,GAA,CGT,CCT,,,,,,175.0,0.0001265302020361,1793.0,0.0024310216256524,-4.264009033014165,-4.264009033014165,
GAACTGCCA,GAA,CTG,CCA,,,,,,107.0,7.736418067356003e-05,73.0,9.897634058707884e-05,-0.35541794445699,-0.35541794445699,
GCGCTGCCA,GCG,CTG,CCA,,,,,,370.0,0.0002675209985908,179.0,0.0002426954104806,0.1405053112739356,0.1405053112739356,
GAACTGATG,GAA,CTG,ATG,,,,,,315.0,0.0002277543636651,146.0,0.0001979526811741,0.202323087529141,0.202323087529141,
ATGCTGCCA,ATG,CTG,CCA,,,,,,477.0,0.0003448851792643,272.0,0.000368788556708,-0.0966777572229471,-0.0966777572229471,
AAGCTGCCA,AAG,CTG,CCA,,,,,,424.0,0.0003065646037905,335.0,0.0004542064944749,-0.5671572027600558,-0.5671572027600558,
GAACTGCCC,GAA,CTG,CCC,,,,,,260.0,0.0001879877287394,6.0,8.135041692088673e-06,4.530344940329179,4.530344940329179,
GGTCTGCCA,GGT,CTG,CCA,,,,,,592.0,0.0004280335977453,247.0,0.0003348925496576,0.3540257620661524,0.3540257620661524,
CCGCTGCCA,CCG,CTG,CCA,,,,,,899.0,0.000650003723603,1521.0,0.0020622330689444,-1.665687504188169,-1.665687504188169,
GAACTGCGG,GAA,CTG,CGG,,,,,,155.0,0.0001120696075177,38.0,5.152193071656159e-05,1.1211365198525325,1.1211365198525325,
AGTCTGCCA,AGT,CTG,CCA,,,,,,474.0,0.0003427160900866,481.0,0.0006521591756491,-0.9282102068499024,-0.9282102068499024,
GAACTGGCG,GAA,CTG,GCG,,,,,,253.0,0.000182926520658,56.0,7.59270557928276e-05,1.268578280658586,1.268578280658586,
ATTCTGCCA,ATT,CTG,CCA,,,,,,584.0,0.0004222493599379,337.0,0.0004569181750389,-0.1138405942799618,-0.1138405942799618,
CGTCTGCCA,CGT,CTG,CCA,,,,,,190.0,0.000137375647925,188.0,0.0002548979730187,-0.8917936153248096,-0.8917936153248096,
GAACTGCTG,GAA,CTG,CTG,,,,,,190.0,0.000137375647925,77.0,0.0001043997017151,0.396008695657926,0.396008695657926,
ACTCTGCCA,ACT,CTG,CCA,,,,,,236.0,0.0001706350153173,1398.0,0.0018954647142566,-3.473565967991714,-3.473565967991714,
GAACTGCGT,GAA,CTG,CGT,,,,,,118.0,8.531750765869237e-05,60.0,8.135041692088672e-05,0.0686920817752039,0.0686920817752039,
GAACTGACG,GAA,CTG,ACG,,,,,,136.0,9.833204272527256e-05,70.0,9.490881974103453e-05,0.0511194523272529,0.0511194523272529,
GAACTGCAG,GAA,CTG,CAG,,,,,,169.0,0.0001221920236806,115.0,0.0001559216324316,-0.3516709866403111,-0.3516709866403111,
GAACTGTGG,GAA,CTG,TGG,,,,,,325.0,0.0002349846609243,88.0,0.0001193139448173,0.9778039173004008,0.9778039173004008,
GAACTGCAT,GAA,CTG,CAT,,,,,,311.0,0.0002248622447614,94.0,0.0001274489865093,0.8191215464748449,0.8191215464748449,
GCTCTGCCA,GCT,CTG,CCA,,,,,,344.0,0.0002487222257168,86.0,0.0001166022642532,1.092939628021881,1.092939628021881,
GAACTGGTG,GAA,CTG,GTG,,,,,,189.0,0.000136652618199,136.0,0.000184394278354,-0.4322807890073861,-0.4322807890073861,
GAACTGACT,GAA,CTG,ACT,,,,,,133.0,9.61629535475092e-05,114.0,0.0001545657921496,-0.6846679506416713,-0.6846679506416713,
CTGCTGCCA,CTG,CTG,CCA,,,,,,208.0,0.0001503901829915,234.0,0.0003172666259914,-1.0769853734204329,-1.0769853734204329,
GAACTGCTT,GAA,CTG,CTT,,,,,,140.0,0.0001012241616289,85.0,0.0001152464239712,-0.1871682911708561,-0.1871682911708561,
CAGCTGCCA,CAG,CTG,CCA,,,,,,187.0,0.0001352065587472,32.0,4.338688902447292e-05,1.6398340879095166,1.6398340879095166,
GAACTGCCG,GAA,CTG,CCG,,,,,,108.0,7.808721039948115e-05,224.0,0.0003037082231713,-1.9595277918722545,-1.9595277918722545,
GAACTGAGG,GAA,CTG,AGG,,,,,,101.0,7.30260023180333e-05,76.0,0.0001030438614331,-0.4967764026699104,-0.4967764026699104,
GAACTTTCT,GAA,CTT,TCT,,,,,,104.0,7.519509149579667e-05,79.0,0.0001071113822791,-0.5104014020141303,-0.5104014020141303,
TAGCTTCCA,TAG,CTT,CCA,,,,,,698.0,0.0005046747486929,2351.0,0.0031875805030167,-2.65903596942149,-2.65903596942149,
GGGCTTCCA,GGG,CTT,CCA,,,,,,408.0,0.0002949961281758,395.0,0.0005355569113958,-0.8603438730710895,-0.8603438730710895,
GAACTTACT,GAA,CTT,ACT,,,,,,166.0,0.0001200229345029,109.0,0.0001477865907396,-0.3002052654081222,-0.3002052654081222,
GCTCTTCCA,GCT,CTT,CCA,,,,,,554.0,0.0004005584681603,97.0,0.0001315165073554,1.6067689518839412,1.6067689518839412,
GATCTTCCA,GAT,CTT,CCA,,,,,,736.0,0.0005321498782779,1790.0,0.0024269541048064,-2.189242288072725,-2.189242288072725,
GAACTTGCG,GAA,CTT,GCG,,,,,,286.0,0.0002067865016134,97.0,0.0001315165073554,0.6528981226131432,0.6528981226131432,
GAACTTCTG,GAA,CTT,CTG,,,,,,554.0,0.0004005584681603,70.0,9.490881974103453e-05,2.077398777126101,2.077398777126101,
TGGCTTCCA,TGG,CTT,CCA,,,,,,751.0,0.0005429953241667,280.0,0.0003796352789641,0.5163257085911841,0.5163257085911841,
AAGCTTCCA,AAG,CTT,CCA,,,,,,278.0,0.000201002263806,177.0,0.0002399837299166,-0.255724849337609,-0.255724849337609,
ATTCTTCCA,ATT,CTT,CCA,,,,,,139.0,0.000100501131903,152.0,0.0002060877228662,-1.0360468126981974,-1.0360468126981974,
GAACTTAGG,GAA,CTT,AGG,,,,,,250.0,0.0001807574314802,80.0,0.0001084672225611,0.7367958177966063,0.7367958177966063,
GAACTTTTG,GAA,CTT,TTG,,,,,,431.0,0.000311625811872,94.0,0.0001274489865093,1.2898948354333406,1.2898948354333406,
CGGCTTCCA,CGG,CTT,CCA,,,,,,688.0,0.0004974444514337,265.0,0.0003592976747339,0.4693558332734184,0.4693558332734184,
ATGCTTCCA,ATG,CTT,CCA,,,,,,299.0,0.0002161858880504,230.0,0.0003118432648633,-0.5285487487243898,-0.5285487487243898,
GAACTTGTT,GAA,CTT,GTT,,,,,,593.0,0.0004287566274712,137.0,0.000185750118636,1.2067958396073577,1.2067958396073577,
GAACTTCCG,GAA,CTT,CCG,,,,,,222.0,0.0001605125991544,154.0,0.0002087994034302,-0.3794310463229156,-0.3794310463229156,
GAGCTTCCA,GAG,CTT,CCA,,,,,,466.0,0.0003369318522792,60.0,8.135041692088672e-05,2.050235177067643,2.050235177067643,
TGTCTTCCA,TGT,CTT,CCA,,,,,,306.0,0.0002212470961318,250.0,0.0003389600705036,-0.6154568139475547,-0.6154568139475547,
TCGCTTCCA,TCG,CTT,CCA,,,,,,416.0,0.0003007803659831,406.0,0.000550471154498,-0.8719565710222046,-0.8719565710222046,
GAACTTTGG,GAA,CTT,TGG,,,,,,284.0,0.0002053404421615,53.0,7.185953494678327e-05,1.5147662929633636,1.5147662929633636,
GAACTTACG,GAA,CTT,ACG,,,,,,302.0,0.0002183549772281,49.0,6.643617381872416e-05,1.716634523231752,1.716634523231752,
GAACTTGTG,GAA,CTT,GTG,,,,,,227.0,0.000164127747784,125.0,0.0001694800352518,-0.0462961693492918,-0.0462961693492918,
CTGCTTCCA,CTG,CTT,CCA,,,,,,190.0,0.000137375647925,28.0,3.79635278964138e-05,1.8554403142952245,1.8554403142952245,
GAACTTTAG,GAA,CTT,TAG,,,,,,555.0,0.0004012814978862,3963.0,0.0053731950376245,-3.743093662708636,-3.743093662708636,
AGTCTTCCA,AGT,CTT,CCA,,,,,,367.0,0.000265351909413,466.0,0.0006318215714188,-1.2516102637891873,-1.2516102637891873,
TCTCTTCCA,TCT,CTT,CCA,,,,,,207.0,0.0001496671532656,259.0,0.0003511626330418,-1.2303817021653494,-1.2303817021653494,
CTTCTTCCA,CTT,CTT,CCA,,,,,,184.0,0.0001330374695694,91.0,0.0001233814656633,0.1087069438801968,0.1087069438801968,
GAACTTTCG,GAA,CTT,TCG,,,,,,214.0,0.0001547283613471,37.0,5.016609043454681e-05,1.6249532487940783,1.6249532487940783,
GAACTTGCT,GAA,CTT,GCT,,,,,,122.0,8.820962656237686e-05,43.0,5.830113212663548e-05,0.597412210882668,0.597412210882668,
GAAGAGCCC,GAA,GAG,CCC,,,,,,466.0,0.0003369318522792,2868.0,0.0038885499288183,-3.528703536025745,-3.528703536025745,
GAAGATCCC,GAA,GAT,CCC,,,,,,259.0,0.0001872646990135,546.0,0.00074028879398,-1.9830092252114184,-1.9830092252114184,
GAAGCGCCG,GAA,GCG,CCG,,,,,,344.0,0.0002487222257168,1301.0,0.0017639482069012,-2.826200863993817,-2.826200863993817,
GAAGCTCCA,GAA,GCT,CCA,,,,,,380.0,0.00027475129585,1080.0,0.0014643075045759,-2.414020360698002,-2.414020360698002,
GAAGGGCCC,GAA,GGG,CCC,,,,,,786.0,0.000568301364574,1463.0,0.0019835943325876,-1.803388923858,-1.803388923858,
GAAGGTCCC,GAA,GGT,CCC,,,,,,460.0,0.0003325936739237,895.0,0.0012134770524032,-1.8673141931853632,-1.8673141931853632,
GAAGGTCCT,GAA,GGT,CCT,,,,,,322.0,0.0002328155717466,1782.0,0.0024161073825503,-3.3754251153854256,-3.3754251153854256,
GAAGTTCCC,GAA,GTT,CCC,,,,,,105.0,7.591812122171779e-05,67.0,9.084129889499016e-05,-0.2589040447697694,-0.2589040447697694,
GAATATCCA,GAA,TAT,CCA,,,,,,892.0,0.0006449425155216,5427.0,0.0073581452104942,-3.5120996654002115,-3.5120996654002115,
GAATCGCCT,GAA,TCG,CCT,,,,,,273.0,0.0001973871151764,1040.0,0.0014100738932953,-2.836671044086721,-2.836671044086721,
GAATCGCCC,GAA,TCG,CCC,,,,,,202.0,0.000146052004636,1003.0,0.0013599078028608,-3.2189547798385068,-3.2189547798385068,
GAATCTCCG,GAA,TCT,CCG,,,,,,311.0,0.0002248622447614,1639.0,0.0022222222222222,-3.304889740946976,-3.304889740946976,
GAATCTCCC,GAA,TCT,CCC,,,,,,119.0,8.604053738461349e-05,467.0,0.0006331774117009,-2.8795213483798374,-2.8795213483798374,
GAATGGCCG,GAA,TGG,CCG,,,,,,537.0,0.0003882669628196,964.0,0.0013070300318622,-1.7511714302226675,-1.7511714302226675,
GAATGGCCC,GAA,TGG,CCC,,,,,,309.0,0.0002234161853096,518.0,0.0007023252660836,-1.652405631760299,-1.652405631760299,
GAATGTCCA,GAA,TGT,CCA,,,,,,1346.0,0.0009731980110898,1926.0,0.0026113483831604,-1.423989665211261,-1.423989665211261,
GAATGTCCT,GAA,TGT,CCT,,,,,,257.0,0.0001858186395617,1251.0,0.0016961561928004,-3.1903018969500625,-3.1903018969500625,
GAATTTCCT,GAA,TTT,CCT,,,,,,743.0,0.0005372110863593,686.0,0.0009301064334621,-0.7919067376123365,-0.7919067376123365,
GAATTTCCC,GAA,TTT,CCC,,,,,,336.0,0.0002429379879094,269.0,0.0003647210358619,-0.5862053117559842,-0.5862053117559842,
