,site_1,site_2,site_3,count_x,proportion_x,count_y,proportion_y,ratio
0,GAA,AAG,GAA,1104,0.0004290301043895531,593,0.0003249979310839969,0.4006483489260937
1,GAG,AAG,GAA,1236,0.000480327182088304,802,0.0004395418899314764,0.12801678814338402
2,GAA,AAG,GAG,1157,0.0004496266583140516,1171,0.0006417750038775048,-0.5133400246997972
3,GAG,AAG,GAG,1405,0.0005460029861117048,1234,0.0006763026086975584,-0.3087600773472001
4,GAT,AAG,GAG,4,1.5544568999621489e-06,8,4.384457754927445e-06,-1.4959878133060691
5,GAT,AAG,GAA,2,7.772284499810744e-07,2,1.0961144387318613e-06,-0.4959878133060691
6,GAA,AAT,GAA,1340,0.00052074306148732,746,0.0004088506856469843,0.3489976517838276
7,GAG,AAT,GAA,1129,0.00043874546001431656,628,0.0003441799337618045,0.35022120857530403
8,GAG,AAT,GAG,1430,0.0005557183417364683,649,0.000355689135368489,0.6437369503605428
9,GAA,AAT,GAG,805,0.0003128344511173825,557,0.0003052678711868234,0.03532364235587693
10,GAT,AAT,GAG,6,2.3316853499432234e-06,3,1.644171658097792e-06,0.5040121866939309
11,GAA,AAT,GAT,4,1.5544568999621489e-06,2,1.0961144387318613e-06,0.5040121866939309
12,TAA,AAT,GAA,3,1.1658426749716117e-06,2,1.0961144387318613e-06,0.08897468741508874
13,GAT,AAT,GAA,8,3.1089137999242978e-06,3,1.644171658097792e-06,0.919049685972773
14,GAG,ACG,GAA,1369,0.0005320128740120455,657,0.00036007359312341646,0.5631693576294996
15,GAA,ACG,GAG,1257,0.0004884880808131054,915,0.0005014723557198266,-0.037846812056967494
16,GAG,ACG,GAG,1134,0.00044068853113926924,1500,0.000822085829048896,-0.8995296737470841
17,GAA,ACG,GAA,816,0.00031710920759227837,669,0.0003666502797558076,-0.20942487197603654
18,GAG,ACG,CCT,40,1.554456899962149e-05,16,8.76891550985489e-06,0.8259402815812926
19,GAG,ACT,GAA,720,0.00027980224199318683,627,0.0003436318765424385,-0.2964563497784347
20,GAA,ACT,GAA,888,0.0003450894317915971,680,0.00037267890916883287,-0.11096288309366642
21,GAA,ACT,GAG,657,0.00025531954581878297,1024,0.000561210592630713,-1.1362382529837411
22,GAG,ACT,GAG,1435,0.0005576614128614209,1024,0.000561210592630713,-0.009152791743019861
23,GAT,ACT,GAG,2,7.772284499810744e-07,3,1.644171658097792e-06,-1.080950314027227
24,GAA,AGG,GAG,2563,0.0009960182586507469,1832,0.001004040825878385,-0.01157383811143653
25,GAG,AGG,GAG,3441,0.0013372215481924387,2710,0.001485235064481672,-0.1514527728103232
26,GAG,AGG,GAA,2689,0.0010449836509995546,1965,0.0010769324360540538,-0.043447370579166034
27,GAA,AGG,GAA,2119,0.0008234735427549484,1384,0.0007585111916024481,0.1185518314293752
28,TAA,AGG,GAG,2,7.772284499810744e-07,2,1.0961144387318613e-06,-0.4959878133060691
29,GAT,AGG,GAA,12,4.663370699886447e-06,3,1.644171658097792e-06,1.5040121866939309
30,GAT,AGG,GAG,5,1.9430711249526863e-06,3,1.644171658097792e-06,0.24097778086013477
31,GAG,AGT,GAG,3467,0.0013473255180421926,1672,0.0009163516707798361,0.556125175815879
32,GAA,AGT,GAG,2240,0.0008704958639788034,1326,0.0007267238728792241,0.26043014352630856
33,GAG,AGT,GAA,1789,0.0006952308485080711,1371,0.000751386447750691,-0.11206299703338907
34,GAA,AGT,GAA,621,0.00024132943371912364,932,0.0005107893284490474,-1.0817244997398685
35,GAT,AGT,GAA,4,1.5544568999621489e-06,4,2.1922288774637226e-06,-0.4959878133060691
36,GAG,AGT,TAG,3,1.1658426749716117e-06,2,1.0961144387318613e-06,0.08897468741508874
37,GAT,AGT,GAG,7,2.7202995749337606e-06,4,2.1922288774637226e-06,0.3113671087515364
38,GAA,ATG,GAA,1126,0.00043757961733934496,675,0.0003699386230720032,0.24225960683596526
39,GAA,ATG,GAG,1020,0.000396386509490348,770,0.0004220040589117666,-0.09034901202947587
40,GAG,ATG,GAG,2060,0.0008005453034805067,1048,0.0005743639658954954,0.4790178072270592
41,GAG,ATG,GAA,873,0.000339260218416739,1067,0.000584777053063448,-0.7854944305010552
42,GAA,ATG,GAT,2,7.772284499810744e-07,3,1.644171658097792e-06,-1.080950314027227
43,GAG,ATG,AAT,125,4.8576778123817154e-05,3,1.644171658097792e-06,4.88483397063486
44,GAT,ATG,GAG,5,1.9430711249526863e-06,2,1.0961144387318613e-06,0.8259402815812926
45,TAA,ATG,GAA,2,7.772284499810744e-07,2,1.0961144387318613e-06,-0.4959878133060691
46,GAA,ATT,GAG,1103,0.0004286414901645626,673,0.00036884250863327133,0.2167665676749948
47,GAG,ATT,GAG,1237,0.0004807157963132946,926,0.0005075009851328518,-0.07822641158993626
48,GAG,ATT,GAA,727,0.0002825225415681206,620,0.00033979547600687703,-0.26630066466071334
49,GAA,ATT,GAA,847,0.000329156248566985,454,0.00024881797759213254,0.40368185873521334
50,GAG,CAG,GAA,1204,0.00046789152688860686,578,0.00031677707279350795,0.5627061809529526
51,GAG,CAG,GAG,1756,0.0006824065790833834,940,0.0005151737862039748,0.4055723696642879
52,GAA,CAG,GAG,1444,0.0005611589408863358,800,0.00043844577549274455,0.3560110238063743
53,GAA,CAG,GAA,671,0.0002607601449686505,456,0.0002499140920308644,0.061291128729370925
54,GAG,CAT,GAA,683,0.00026542351566853693,922,0.0005053087562553881,-0.9288689854453196
55,GAG,CAT,GAG,1683,0.0006540377406590742,1531,0.0008390756028492398,-0.35942691947590966
56,GAA,CAT,GAA,1068,0.0004150399922898938,687,0.00037651530970439436,0.140541829563384
57,GAA,CAT,GAG,1096,0.0004259211905896288,733,0.00040172594179522717,0.08437488152064532
58,GAT,CAT,GAA,8,3.1089137999242978e-06,5,2.7402860968296533e-06,0.1820840918065656
59,GAG,CCG,GAG,753,0.00029262651141787456,948,0.0005195582439589023,-0.8282250075324011
60,GAA,CCG,GAG,658,0.0002557081600437735,340,0.00018633945458441643,0.4565650242914696
61,GAG,CCG,GAA,832,0.000323327035192127,656,0.00035952553590405054,-0.15310009978306205
62,GAA,CCG,GAA,346,0.0001344605218467259,380,0.00020826174335905365,-0.6312151940002924
63,AAA,CCG,GAG,41,1.5933183224612028e-05,3,1.644171658097792e-06,3.276601690590857
64,GAT,CCG,GAG,6,2.3316853499432234e-06,3,1.644171658097792e-06,0.5040121866939309
65,GAC,CCG,GAG,2,7.772284499810744e-07,4,2.1922288774637226e-06,-1.4959878133060691
66,GAA,CCT,GAA,338,0.00013135160804680159,386,0.00021155008667524925,-0.6875654142919654
67,GAG,CCT,GAG,873,0.000339260218416739,620,0.00033979547600687703,-0.0022743749508666866
68,GAA,CCT,GAG,540,0.0002098516814948901,545,0.00029869118455443225,-0.5092846359195278
69,GAG,CCT,GAA,512,0.00019897048319515506,716,0.0003924089690660064,-0.9798035905703273
70,GAA,CGG,GAA,1619,0.0006291664302596798,1130,0.0006193046578835017,0.022792399693946308
71,GAG,CGG,GAA,2105,0.0008180329436050809,1193,0.0006538322627035553,0.32323837695246027
72,GAG,CGG,GAG,3270,0.0012707685157190567,2218,0.0012155909125536343,0.06404345691766444
73,GAA,CGG,GAG,1767,0.0006866813355582793,1459,0.0007996154830548929,-0.21966565667234583
74,GAT,CGG,GAA,11,4.27475647489591e-06,4,2.1922288774637226e-06,0.9634438053312273
75,GAT,CGG,GAG,14,5.440599149867521e-06,4,2.1922288774637226e-06,1.3113671087515364
76,GAG,CGT,GAG,2212,0.0008596146656790684,2331,0.0012775213783419845,-0.5715854322002301
77,GAA,CGT,GAG,1356,0.0005269608890871685,982,0.000538192189417344,-0.030425564484419354
78,GAG,CGT,GAA,1503,0.0005840871801607775,737,0.0004039181706726909,0.5321206715152229
79,GAA,CGT,GAA,1040,0.0004041587939901587,811,0.00044447440490576976,-0.13717810449488965
80,GAT,CGT,GAG,7,2.7202995749337606e-06,5,2.7402860968296533e-06,-0.010560986135828898
81,GAG,CGT,TAA,2,7.772284499810744e-07,13,7.124743851757099e-06,-3.1964275314471635
82,GAG,CTG,GAG,1648,0.0006404362427844054,1015,0.0005562780776564196,0.2032487018046094
83,GAG,CTG,GAA,879,0.00034159190376668224,737,0.0004039181706726909,-0.24178926725773664
84,GAT,CTG,GAG,9,3.4975280249148354e-06,3,1.644171658097792e-06,1.0889746874150852
85,GAA,CTG,GAA,796,0.00030933692309246765,614,0.00033650713269068146,-0.12145803813259981
86,GAA,CTG,GAG,418,0.00016244074604604457,893,0.0004894150968937761,-1.5911450463464103
87,GAT,CTG,GAA,2,7.772284499810744e-07,2,1.0961144387318613e-06,-0.4959878133060691
88,GAA,CTT,GAA,713,0.00027708194241825307,772,0.0004231001733504985,-0.6106865841302618
89,GAG,CTT,GAG,973,0.00037812164091579275,782,0.0004285807455441578,-0.1807166158323099
90,GAA,CTT,GAG,1356,0.0005269608890871685,540,0.00029595089845760254,0.8323380527794431
91,GAG,CTT,GAA,702,0.00027280718594335714,350,0.00019182002677807573,0.508128295166161
92,GAT,CTT,GAA,4,1.5544568999621489e-06,3,1.644171658097792e-06,-0.08095031402722697
93,GAA,GAG,GAA,2893,0.0011242609528976243,2819,0.0015449733013925585,-0.45860496794689176
94,GAA,GAG,GAG,2680,0.00104148612297464,1924,0.0010544620900600507,-0.01786361173097717
95,GAG,GAG,GAG,3263,0.0012680482161441231,2754,0.0015093495821337732,-0.2513173853491697
96,GAG,GAG,GAA,3276,0.001273100201069,2124,0.0011640735339332367,0.12916377753078478
97,GAG,GAG,GAT,4,1.5544568999621489e-06,2,1.0961144387318613e-06,0.5040121866939309
98,GAT,GAG,GAA,20,7.772284499810745e-06,11,6.028629413025237e-06,0.36650866294399265
99,GAA,GAG,GCG,2,7.772284499810744e-07,2,1.0961144387318613e-06,-0.4959878133060691
100,GAT,GAG,GAG,11,4.27475647489591e-06,7,3.836400535561514e-06,0.1560888832736218
101,GAA,GAG,GCA,8,3.1089137999242978e-06,4,2.1922288774637226e-06,0.5040121866939309
102,GAC,GAG,GAG,4,1.5544568999621489e-06,4,2.1922288774637226e-06,-0.4959878133060691
103,TAA,GAG,GAA,3,1.1658426749716117e-06,5,2.7402860968296533e-06,-1.2329534074722766
104,GAC,GAG,GAA,3,1.1658426749716117e-06,3,1.644171658097792e-06,-0.4959878133060691
105,GAA,GAT,CGG,2498,0.0009707583340263621,1685,0.0009234764146315932,0.07203707223266598
106,GAG,GAT,GAA,1949,0.0007574091245065571,1450,0.0007946829680805995,-0.06930662295047618
107,GAA,GAT,AGT,2206,0.0008572829803291252,1600,0.0008768915509854891,-0.03262692748941376
108,GAA,GAT,GGG,15470,0.006011862060603611,12557,0.006881954503577992,-0.19500644682397006
109,GAA,GAT,TTT,1295,0.0005032554213627458,1169,0.000640678889438773,-0.34831064526381006
110,GAA,GAT,ATG,1241,0.0004822702532132567,1444,0.0007913946247644039,-0.7145554400628846
111,GAA,GAT,GGT,7286,0.0028314432432810545,5315,0.0029129241209299214,-0.04093050998175585
112,GAA,GAT,GTT,4199,0.001631791130735266,2454,0.0013449324163239938,0.2789227258660407
113,GAA,GAT,ACT,863,0.00033537407616683363,585,0.00032061347332906944,0.06493612140211802
114,GAA,GAT,TTG,2616,0.0010166148125752455,2189,0.0011996972531920223,-0.238897226988934
115,GAA,GAT,TAA,2464,0.0009575454503766837,1476,0.0008089324557841137,0.2433217213284351
116,GAA,GAT,TGG,4574,0.0017775214651067173,3118,0.001708842409982972,0.05684762440781732
117,GAA,GAT,TAT,1904,0.0007399214843819829,1231,0.0006746584370394607,0.13321490351741438
118,GAA,GAT,TGT,2793,0.0010853995303985705,2277,0.0012479262884962242,-0.20130653116274289
119,GAA,GAT,CTT,1409,0.000547557443011667,1119,0.0006132760284704765,-0.16352623797282817
120,GAA,GAT,GCT,1621,0.0006299436587096609,1230,0.0006741103798200948,-0.09776203801513006
121,AAA,GAT,GAA,697,0.00027086411481840446,418,0.00022908791769495903,0.24166790048146858
122,GAA,GAT,CGT,1314,0.0005106390916375659,1530,0.0008385275456298739,-0.7155541905637559
123,GAA,GAT,TCT,1331,0.000517245533462405,814,0.00044611857656386757,0.21342205833957273
124,GAA,GAT,GAG,6267,0.002435445348015697,4626,0.0025353126967867954,-0.05797808615399802
125,GAA,GAT,GTG,6338,0.002463036957990025,4670,0.0025594272144388963,-0.05538270352086272
126,GAA,GAT,ACG,971,0.00037734441246581167,1097,0.0006012187696444259,-0.6720081382900727
127,GAA,GAT,AAG,1230,0.00047799549673836083,1272,0.0006971287830334638,-0.5444281683638241
128,GAA,GAT,TCG,1248,0.00048499055278819047,1100,0.0006028629413025238,-0.31387340285584386
129,GAA,GAT,CAG,763,0.0002965126536677799,778,0.00042638851666669406,-0.5240749114577312
130,GAG,GAT,GAG,1636,0.0006357728720845189,1214,0.0006653414643102398,-0.06558348662000313
131,GAA,GAT,AAA,721,0.00028019085621817734,537,0.0002943067267995048,-0.07091064205066111
132,GAA,GAT,GAT,3324,0.0012917536838685459,3334,0.0018272227693660128,-0.5003215355221418
133,GAA,GAT,TAG,1595,0.0006198396888599069,1567,0.0008588056627464133,-0.4704365691264183
134,GAA,GAT,AGG,3798,0.0014759568265140604,2743,0.0015033209527207478,-0.02650253000484959
135,GAA,GAT,AAT,1349,0.0005242405895122347,926,0.0005075009851328518,0.0468184363819617
136,GAA,GAT,ATT,1238,0.0004811044105382851,1028,0.0005634028215081768,-0.22781676328568423
137,GAA,GAT,CAT,891,0.0003462552744665687,671,0.0003677463941945395,-0.08687514798433149
138,CAA,GAT,GAA,848,0.0003295448627919756,571,0.0003129406722579464,0.07458570589428604
139,GAA,GAT,GTA,427,0.0001659382740709594,274,0.000150167678106265,0.14407236335389229
140,GAA,GAT,GCG,2704,0.0010508128643744127,2342,0.0012835500077550096,-0.28863373752510135
141,GAA,GAT,CCT,407,0.00015816598957114867,354,0.00019401225565553946,-0.2947083791228202
142,TAA,GAT,GAA,2003,0.0007783942926560461,1351,0.0007404253033633724,0.072146933180953
143,GAA,GAT,CAA,325,0.0001262996231219246,211,0.00011564007328621138,0.12720890590255962
144,GAA,GAT,CTG,1009,0.0003921117530154521,896,0.0004910592685518738,-0.32463227625731683
145,GAT,GAT,GAA,1271,0.0004939286799629728,901,0.0004937995546487035,0.0003772058853499516
146,GAA,GAT,CCG,771,0.0002996215674677042,529,0.00028992226904457733,0.047475324494937965
147,GAA,GAT,GGA,788,0.0003062280092925434,594,0.0003255459883033628,-0.08825511465045999
148,GTA,GAT,GAA,487,0.00018925512757039163,307,0.00016825356634534073,0.16969530340609218
149,GGA,GAT,GAA,405,0.0001573887611211676,355,0.00019456031287490538,-0.3058849299261279
150,TAA,GAT,TAA,37,1.4378726324649878e-05,31,1.698977380034385e-05,-0.24073075806399657
151,GAT,GAT,GTA,3,1.1658426749716117e-06,2,1.0961144387318613e-06,0.08897468741508874
152,TAT,GAT,GAA,20,7.772284499810745e-06,7,3.836400535561514e-06,1.0185853595236871
153,GAT,GAT,GTG,4,1.5544568999621489e-06,3,1.644171658097792e-06,-0.08095031402722697
154,GAA,GAT,GCA,304,0.00011813872439712333,189,0.00010358281446016089,0.18969727591644236
155,GCA,GAT,GAA,100,3.886142249905373e-05,58,3.178731872322398e-05,0.2898873813410816
156,GTG,GAT,GAA,78,3.0311909549261904e-05,36,1.9730059897173504e-05,0.6194894041138657
157,GAA,GAT,GAC,29,1.126981252472558e-05,28,1.5345602142246058e-05,-0.44536174023610187
158,GAA,GAT,CGA,6,2.3316853499432234e-06,58,3.178731872322398e-05,-3.769006307712486
159,GAT,GAT,GAT,26,1.0103969849753968e-05,12,6.576686632391168e-06,0.6194894041138639
160,GAT,GAT,GAG,17,6.606441824839133e-06,8,4.384457754927445e-06,0.59147502794427
161,GGT,GAT,GAA,35,1.3601497874668803e-05,4,2.1922288774637226e-06,2.633295203638898
162,TAA,GAT,GAT,3,1.1658426749716117e-06,5,2.7402860968296533e-06,-1.2329534074722766
163,GAA,GAT,TGA,9,3.4975280249148354e-06,7,3.836400535561514e-06,-0.13341773392136247
164,GAC,GAT,GAA,63,2.4482696174403848e-05,38,2.0826174335905365e-05,0.23336459675025978
165,GAA,GAT,TCA,8,3.1089137999242978e-06,2,1.0961144387318613e-06,1.5040121866939309
166,TAA,GAT,GAG,5,1.9430711249526863e-06,4,2.1922288774637226e-06,-0.17405971841870738
167,NAA,GAT,NAA,2,7.772284499810744e-07,4,2.1922288774637226e-06,-1.4959878133060691
168,GAT,GAT,AAA,2,7.772284499810744e-07,2,1.0961144387318613e-06,-0.4959878133060691
169,GAA,GAT,TTA,13,5.051984924876984e-06,5,2.7402860968296533e-06,0.8825238099476564
170,GAT,GAT,GGG,6,2.3316853499432234e-06,5,2.7402860968296533e-06,-0.23295340747227655
171,CAA,GAT,GAG,2,7.772284499810744e-07,2,1.0961144387318613e-06,-0.4959878133060691
172,TAA,GAT,GGG,8,3.1089137999242978e-06,2,1.0961144387318613e-06,1.5040121866939309
173,TAA,GAT,GTG,5,1.9430711249526863e-06,5,2.7402860968296533e-06,-0.49598781330607267
174,GAA,GAT,GGC,5,1.9430711249526863e-06,3,1.644171658097792e-06,0.24097778086013477
175,TAA,GAT,GCG,3,1.1658426749716117e-06,2,1.0961144387318613e-06,0.08897468741508874
176,GAA,GAT,CCA,3,1.1658426749716117e-06,2,1.0961144387318613e-06,0.08897468741508874
177,GAT,GAT,TAA,3,1.1658426749716117e-06,4,2.1922288774637226e-06,-0.9110253125849113
178,GAA,GAT,ACA,4,1.5544568999621489e-06,2,1.0961144387318613e-06,0.5040121866939309
179,TAA,GAT,GGT,5,1.9430711249526863e-06,5,2.7402860968296533e-06,-0.49598781330607267
180,CAA,GAT,GAT,3,1.1658426749716117e-06,2,1.0961144387318613e-06,0.08897468741508874
181,CAA,GAT,CAA,3,1.1658426749716117e-06,2,1.0961144387318613e-06,0.08897468741508874
182,GGG,GAT,GAA,11,4.27475647489591e-06,12,6.576686632391168e-06,-0.6215186953899305
183,AAG,GAT,GAA,2,7.772284499810744e-07,3,1.644171658097792e-06,-1.080950314027227
184,TTA,GAT,GAA,2,7.772284499810744e-07,2,1.0961144387318613e-06,-0.4959878133060691
185,GAG,GAT,GGG,3,1.1658426749716117e-06,3,1.644171658097792e-06,-0.4959878133060691
186,GNA,GAT,GAA,4,1.5544568999621489e-06,5,2.7402860968296533e-06,-0.8179159081934344
187,GCT,GAT,GAA,2,7.772284499810744e-07,2,1.0961144387318613e-06,-0.4959878133060691
188,GAA,GAT,GCC,2,7.772284499810744e-07,3,1.644171658097792e-06,-1.080950314027227
189,GAA,GAT,CTA,2,7.772284499810744e-07,4,2.1922288774637226e-06,-1.4959878133060691
190,GAA,GAT,AGA,2,7.772284499810744e-07,7,3.836400535561514e-06,-2.3033427353636746
191,GAG,GCG,GAG,3505,0.0013620928585918331,2443,0.0013389037869109687,0.024772767324657607
192,GAT,GCG,GAG,5,1.9430711249526863e-06,5,2.7402860968296533e-06,-0.49598781330607267
193,GAA,GCG,GAG,2399,0.0009322855257522988,1541,0.0008445561750428992,0.14257848247257776
194,GAA,GCG,GAA,1576,0.0006124560185850867,1360,0.0007453578183376657,-0.2833269299873944
195,GAG,GCG,GAA,1545,0.00060040897761038,979,0.0005365480177592461,0.1622382598819705
196,GAG,GCG,TAG,42,1.6321797449602563e-05,2,1.0961144387318613e-06,3.8963296094726907
197,GAT,GCG,GAA,3,1.1658426749716117e-06,18,9.865029948586752e-06,-3.080950314027227
198,GAA,GCG,AAA,26,1.0103969849753968e-05,64,3.507566203941956e-05,-1.79554809516498
199,TAA,GCG,GAG,2,7.772284499810744e-07,2,1.0961144387318613e-06,-0.4959878133060691
200,TAG,GCG,GAG,4,1.5544568999621489e-06,4,2.1922288774637226e-06,-0.4959878133060691
201,GAA,GCG,GAT,4,1.5544568999621489e-06,7,3.836400535561514e-06,-1.3033427353636746
202,GAG,GCT,GAG,1663,0.0006462654561592634,1254,0.000687263753084877,-0.08873699282084146
203,GAA,GCT,GAG,1732,0.0006730798376836106,1142,0.0006258813445158928,0.10488846605781177
204,GAA,GCT,GAA,1730,0.0006723026092336294,1281,0.0007020612980077572,-0.062486251123630154
205,GAG,GCT,GAA,1714,0.0006660847816337809,1074,0.0005886134535990096,0.17838530282101672
206,GAT,GCT,GAA,10,3.8861422499053725e-06,4,2.1922288774637226e-06,0.8259402815812926
207,GAA,GCT,AAA,44,1.709902589958364e-05,13,7.124743851757099e-06,1.2630040871901347
208,GAT,GCT,GAG,7,2.7202995749337606e-06,3,1.644171658097792e-06,0.7264046080303785
209,GAA,GCT,GAT,2,7.772284499810744e-07,2,1.0961144387318613e-06,-0.4959878133060691
210,GAA,GCT,GCA,5,1.9430711249526863e-06,5,2.7402860968296533e-06,-0.49598781330607267
211,GAC,GCT,GAA,2,7.772284499810744e-07,2,1.0961144387318613e-06,-0.4959878133060691
212,GAA,GCT,GCG,2,7.772284499810744e-07,3,1.644171658097792e-06,-1.080950314027227
213,GAA,GGG,GAA,3514,0.0013655903866167478,2526,0.0013843925361183408,-0.0197282610852465
214,GAG,GGG,GAA,5553,0.0021579747913724532,4391,0.0024065192502358015,-0.15726995184088288
215,GAA,GGG,GAG,5801,0.0022543511191701064,4469,0.002449267713346344,-0.11963823871517576
216,GAG,GGG,GAG,6240,0.0024249527639409523,4723,0.0025884742470652904,-0.09414531970702456
217,TAG,GGG,GAG,18,6.995056049829671e-06,2,1.0961144387318613e-06,2.673937188136243
218,GAT,GGG,GAA,12,4.663370699886447e-06,12,6.576686632391168e-06,-0.4959878133060691
219,GAT,GGG,GAG,18,6.995056049829671e-06,7,3.836400535561514e-06,0.8665822660786375
220,AAG,GGG,GAA,3,1.1658426749716117e-06,2,1.0961144387318613e-06,0.08897468741508874
221,GAA,GGG,GAT,5,1.9430711249526863e-06,2,1.0961144387318613e-06,0.8259402815812926
222,GAG,GGG,GAT,3,1.1658426749716117e-06,2,1.0961144387318613e-06,0.08897468741508874
223,GAA,GGG,TAG,4,1.5544568999621489e-06,2,1.0961144387318613e-06,0.5040121866939309
224,GAA,GGG,AAA,3,1.1658426749716117e-06,2,1.0961144387318613e-06,0.08897468741508874
225,GAG,GGT,GAG,5023,0.0019520092521274686,3719,0.002038224798821896,-0.062353286246230155
226,GAA,GGT,GAG,3614,0.0014044518091158016,2908,0.0015937503939161264,-0.18241857636106573
227,GAG,GGT,GAA,3625,0.0014087265655906974,2964,0.0016244415982006185,-0.20555226582224506
228,GAA,GGT,GAA,3742,0.0014541944299145903,2335,0.0012797136072194481,0.18439919533768823
229,GAT,GGT,GAA,18,6.995056049829671e-06,10,5.480572193659307e-06,0.35200909324887775
230,GAT,GGT,GAG,18,6.995056049829671e-06,7,3.836400535561514e-06,0.8665822660786375
231,GAA,GGT,GAT,6,2.3316853499432234e-06,3,1.644171658097792e-06,0.5040121866939309
232,GAA,GGT,GGG,6,2.3316853499432234e-06,3,1.644171658097792e-06,0.5040121866939309
233,GGG,GGT,GAA,2,7.772284499810744e-07,2,1.0961144387318613e-06,-0.4959878133060691
234,TAA,GGT,GAA,4,1.5544568999621489e-06,2,1.0961144387318613e-06,0.5040121866939309
235,GAA,GNT,GAA,51,1.9819325474517398e-05,39,2.1374231555271298e-05,-0.10896469019682442
236,GAA,GTG,GAG,2672,0.0010383772091747156,1706,0.0009349856162382778,0.15131454784969023
237,GAG,GTG,GAG,2625,0.0010201123406001602,2728,0.0014951000944302588,-0.5515140348893954
238,GAA,GTG,GAA,1454,0.0005650450831362412,1222,0.0006697259220651673,-0.24520482920520692
239,GAG,GTG,GAA,1712,0.0006653075531837997,1454,0.0007968751969580632,-0.2603323808245186
240,GAT,GTG,GAA,10,3.8861422499053725e-06,6,3.288343316195584e-06,0.24097778086013477
241,GAT,GTG,GAG,6,2.3316853499432234e-06,4,2.1922288774637226e-06,0.08897468741508874
242,GAG,GTG,GAT,2,7.772284499810744e-07,4,2.1922288774637226e-06,-1.4959878133060691
243,GAG,GTG,GGA,2,7.772284499810744e-07,3,1.644171658097792e-06,-1.080950314027227
244,GAA,GTT,GAA,2673,0.0010387658233997061,1853,0.0010155500274850696,0.032609142909741706
245,GAA,GTT,GAG,1871,0.0007270972149572951,1545,0.0008467484039203629,-0.2197850928570233
246,GAG,GTT,GAG,2492,0.0009684266486764188,1787,0.000979378251006918,-0.016223379323559328
247,GAG,GTT,GAA,2226,0.0008650552648289359,1531,0.0008390756028492398,0.04399149653610124
248,GAA,GTT,GGG,3,1.1658426749716117e-06,4,2.1922288774637226e-06,-0.9110253125849113
249,GAT,GTT,GAA,13,5.051984924876984e-06,10,5.480572193659307e-06,-0.11747619005234355
250,GAA,GTT,GAT,9,3.4975280249148354e-06,4,2.1922288774637226e-06,0.673937188136243
251,AAA,GTT,GAA,2,7.772284499810744e-07,2,1.0961144387318613e-06,-0.4959878133060691
252,TAA,GTT,GAA,3,1.1658426749716117e-06,2,1.0961144387318613e-06,0.08897468741508874
253,GAT,GTT,GAG,11,4.27475647489591e-06,5,2.7402860968296533e-06,0.641515710443862
254,GAA,GTT,TAA,2,7.772284499810744e-07,2,1.0961144387318613e-06,-0.4959878133060691
255,GAA,NAT,GAA,8,3.1089137999242978e-06,6,3.288343316195584e-06,-0.08095031402722697
256,GNA,NNT,GAA,3,1.1658426749716117e-06,2,1.0961144387318613e-06,0.08897468741508874
257,GAA,NNT,GAA,36,1.3990112099659342e-05,27,1.4797544922880129e-05,-0.08095031402722697
258,GAN,NNT,GAA,4,1.5544568999621489e-06,3,1.644171658097792e-06,-0.08095031402722697
259,GAG,TAG,GAA,1493,0.0005802010379108721,1092,0.0005984784835475963,-0.04474650409138192
260,GAA,TAG,GAG,1705,0.000662587253608866,1211,0.0006636972926521421,-0.0024149390888652533
261,GAG,TAG,GAG,1689,0.0006563694260090174,1890,0.001035828144601609,-0.6582047196131207
262,GAA,TAG,GAA,1320,0.0005129707769875091,768,0.00042090794447303476,0.28537190021858905
263,GAT,TAG,GAA,4,1.5544568999621489e-06,3,1.644171658097792e-06,-0.08095031402722697
264,GAC,TAG,GAG,2,7.772284499810744e-07,2,1.0961144387318613e-06,-0.4959878133060691
265,GAT,TAG,GAG,6,2.3316853499432234e-06,4,2.1922288774637226e-06,0.08897468741508874
266,GAA,TAT,GAG,1032,0.00040104988019023445,692,0.00037925559580122406,0.08061121448045938
267,GAA,TAT,GAA,3606,0.0014013428953158773,2534,0.0013887769938732684,0.012995058985461938
268,GAG,TAT,GAG,1929,0.0007496368400067464,1234,0.0006763026086975584,0.14852293559361485
269,GAG,TAT,GAA,1260,0.000489653923488077,847,0.0004642044648029433,0.07700204574901015
270,GAT,TAT,GAA,11,4.27475647489591e-06,8,4.384457754927445e-06,-0.03655619466877269
271,GAA,TAT,GGG,32,1.2435655199697191e-05,6,3.288343316195584e-06,1.919049685972773
272,TAA,TAT,GAA,22,8.54951294979182e-06,21,1.1509201606684544e-05,-0.42887361744753605
273,GAA,TAT,TAA,15,5.829213374858058e-06,11,6.028629413025237e-06,-0.0485288363348495
274,GAA,TAT,GTT,2,7.772284499810744e-07,2,1.0961144387318613e-06,-0.4959878133060691
275,TAA,TAT,TAA,6,2.3316853499432234e-06,2,1.0961144387318613e-06,1.0889746874150887
276,GAA,TAT,TGT,2,7.772284499810744e-07,2,1.0961144387318613e-06,-0.4959878133060691
277,GAA,TAT,AGG,4,1.5544568999621489e-06,2,1.0961144387318613e-06,0.5040121866939309
278,GAC,TAT,GAA,2,7.772284499810744e-07,2,1.0961144387318613e-06,-0.4959878133060691
279,GAG,TCG,GAG,1347,0.0005234633610622537,1175,0.0006439672327549686,-0.29889871929612966
280,GAG,TCG,GAA,1212,0.00047100044068853114,637,0.00034911244873609787,0.43203660791058063
281,GAA,TCG,GAG,1229,0.00047760688251337026,856,0.00046913697977723665,0.02581440066544438
282,GAA,TCG,GAA,1336,0.0005191886045873578,540,0.00029595089845760254,0.8109008821171511
283,GAT,TCG,GAG,2,7.772284499810744e-07,3,1.644171658097792e-06,-1.080950314027227
284,GAG,TCT,GAG,1003,0.0003897800676655089,677,0.00037103473751073506,0.07110605373111412
285,GAA,TCT,GAG,1263,0.0004908197661630486,581,0.0003184212444516057,0.624256757076953
286,GAA,TCT,GAA,803,0.0003120572226674014,591,0.00032390181664526506,-0.053745955966288506
287,GAG,TCT,GAA,847,0.000329156248566985,979,0.0005365480177592461,-0.7049347035775675
288,GAT,TCT,GAG,4,1.5544568999621489e-06,4,2.1922288774637226e-06,-0.4959878133060691
289,GAA,TGG,GAG,2753,0.001069854961398949,2225,0.0012194273130891958,-0.18878853945163243
290,GAA,TGG,GAA,2176,0.000845624553579409,1636,0.0008966216108826626,-0.08448200499748104
291,GAG,TGG,GAG,4284,0.0016648233398594615,2997,0.0016425274864396943,0.019451582930612332
292,GAG,TGG,GAA,1594,0.0006194510746349163,1568,0.0008593537199657794,-0.4722617434308063
293,GAT,TGG,GAA,5,1.9430711249526863e-06,2,1.0961144387318613e-06,0.8259402815812926
294,TAG,TGG,GAG,4,1.5544568999621489e-06,2,1.0961144387318613e-06,0.5040121866939309
295,GAC,TGG,GAG,3,1.1658426749716117e-06,5,2.7402860968296533e-06,-1.2329534074722766
296,GAA,TGG,GAT,4,1.5544568999621489e-06,2,1.0961144387318613e-06,0.5040121866939309
297,GAT,TGG,GAG,8,3.1089137999242978e-06,2,1.0961144387318613e-06,1.5040121866939309
298,GAA,TGT,GAG,2080,0.0008083175879803174,1820,0.0009974641392459938,-0.3033427353636746
299,GAG,TGT,GAG,3156,0.0012264664940701356,2559,0.0014024784243574166,-0.1934707553320596
300,GAA,TGT,GAA,2277,0.0008848745903034533,1337,0.0007327525022922493,0.2721470127371983
301,GAG,TGT,GAA,1645,0.0006392704001094338,1418,0.0007771451370608897,-0.2817577619229823
302,GAC,TGT,GAG,2,7.772284499810744e-07,3,1.644171658097792e-06,-1.080950314027227
303,TAA,TGT,GAA,2,7.772284499810744e-07,2,1.0961144387318613e-06,-0.4959878133060691
304,GAT,TGT,GAG,8,3.1089137999242978e-06,3,1.644171658097792e-06,0.919049685972773
305,GAT,TGT,GAA,5,1.9430711249526863e-06,4,2.1922288774637226e-06,-0.17405971841870738
306,GAG,TTG,GAG,2076,0.0008067631310803553,1097,0.0006012187696444259,0.4242551046486174
307,GAA,TTG,GAA,1260,0.000489653923488077,642,0.0003518527348329275,0.47679071795890593
308,GAG,TTG,GAA,1733,0.000673468451908601,1440,0.0007892023958869402,-0.22878497047557467
309,GAA,TTG,GAG,1361,0.0005289039602121212,1324,0.0007256277584404922,-0.4562238686092943
310,GAT,TTG,GAA,7,2.7202995749337606e-06,6,3.288343316195584e-06,-0.27359539196962146
311,GAA,TTG,TAG,2,7.772284499810744e-07,3,1.644171658097792e-06,-1.080950314027227
312,GAA,TTT,GAA,638,0.00024793587554396276,464,0.00025429854978579184,-0.03655619466877447
313,GAG,TTT,GAG,1244,0.0004834360958882283,833,0.00045653166373182025,0.08261027145898403
314,GAA,TTT,GAG,1169,0.00045429002901393805,1053,0.0005771042519923251,-0.3452183198001322
315,GAG,TTT,GAA,965,0.0003750127271158684,619,0.0003392474187875111,0.1446017196351086
316,GAA,GAT,GAA,2573246,1.0,1824627,1.0,0.0
