,site_1,site_2,site_3,count
0,AAT,AAG,CTG,2548
1,AAT,AAG,CTT,1027
2,AAT,AAG,CTC,1081
3,AAT,AAG,CTA,1735
4,AAA,AAG,CTG,3
5,AAT,AAG,ATG,5
6,AAT,AAG,CAT,5
7,AAT,AAG,ATC,2
8,ATT,AAG,CTA,2
9,AAA,AAG,CTC,2
10,AAT,AAG,CAA,2
11,AAT,AAG,CAG,5
12,ATT,AAG,CTG,2
13,AAT,AAG,ATA,4
14,AAT,AAG,CGT,2
15,TAT,AAG,CTC,2
16,AAT,AAG,CGG,3
17,AAA,AAG,CTT,2
18,AAT,AAT,CTG,753
19,AAT,AAT,CTA,551
20,AAT,AAT,CTC,475
21,AAT,AAT,CTT,423
22,AAT,AAT,ATG,3
23,AAT,AAT,ATC,5
24,AAT,AAT,CAT,4
25,AAT,AAT,ATA,3
26,AAT,ACG,CTC,69
27,AAT,ACG,CTT,218
28,AAT,ACG,CTA,56
29,AAT,ACG,CTG,53
30,AAT,ACT,CTA,25
31,AAT,ACT,CTC,97
32,AAT,ACT,CTT,178
33,AAT,ACT,CTG,34
34,AAT,AGG,CTA,1969
35,AAT,AGG,CTC,1725
36,AAT,AGG,CTT,2236
37,AAT,AGG,CTG,3303
38,GAT,AGG,CTT,2
39,AAT,AGG,CGG,4
40,AAG,AGG,CTG,2
41,AAT,AGG,CAA,4
42,TAT,AGG,CTG,2
43,AAA,AGG,CTG,6
44,AAA,AGG,CTC,3
45,AGT,AGG,CTG,3
46,AAA,AGG,CTT,2
47,AAT,AGG,ATT,3
48,AAT,AGG,ATG,3
49,AAT,AGG,CCG,3
50,AAT,AGG,CAG,10
51,AAT,AGG,GTG,3
52,ATT,AGG,CTG,3
53,AAT,AGT,CTC,279
54,AAT,AGT,CTA,405
55,AAT,AGT,CTG,58
56,AAT,AGT,CTT,100
57,AAT,AGT,ATG,2
58,AAT,AGT,CGT,2
59,AAT,AGT,TTC,2
60,AAT,ATG,CTT,581
61,AAT,ATG,CTG,910
62,AAT,ATG,CTA,679
63,AAT,ATG,CTC,637
64,AAT,ATG,ATT,2
65,AAT,ATG,ATG,3
66,AAT,ATG,CGG,2
67,AAT,ATG,CAG,2
68,AAT,ATG,GTA,2
69,AAT,ATG,ATA,4
70,AAT,ATG,CAC,2
71,AAT,ATT,CTC,203
72,AAT,ATT,CTT,121
73,AAT,ATT,CTA,128
74,AAT,ATT,TTA,359
75,AAA,ATT,TTA,2
76,AAT,ATT,CTG,6
77,AAT,ATT,TTG,2
78,AAT,CAG,CTG,366
79,AAT,CAG,CTT,548
80,AAT,CAG,ATG,3
81,AAT,CAG,CTC,378
82,AAT,CAG,CTA,378
83,AAT,CAG,CCG,2
84,AAT,CAG,CAG,2
85,TAT,CAG,CTC,2
86,AAT,CAT,CTC,541
87,AAT,CAT,CTT,608
88,AAT,CAT,CTA,1276
89,AAT,CAT,CTG,1656
90,AAT,CAT,CAG,4
91,AAT,CAT,AAA,4
92,AAT,CAT,TTA,44
93,AAA,CAT,TTA,2
94,AAT,CAT,TAA,16
95,TAT,CAT,CTG,2
96,AGT,CAT,CTG,2
97,ATT,CAT,CTA,2
98,AAT,CAT,ATA,9
99,AAT,CCG,CTT,861
100,AAT,CCG,CTG,1930
101,AAT,CCG,CTC,357
102,AAT,CCG,CTA,667
103,AAT,CCG,CAG,3
104,AAA,CCG,CTT,2
105,AAT,CCG,ATA,4
106,AAT,CCG,ATT,4
107,AAA,CCG,CTG,6
108,AAT,CCG,CGG,2
109,AAT,CCT,CTG,1549
110,AAT,CCT,CTT,1050
111,AAT,CCT,CTA,545
112,AAT,CCT,CTC,342
113,AAT,CCT,GTG,2
114,ATT,CCT,CTG,2
115,AAT,CCT,CAG,8
116,ACT,CCT,CTT,2
117,AAT,CCT,CAT,3
118,AAA,CCT,CTG,3
119,AAT,CCT,ATG,2
120,AAG,CCT,CTT,2
121,TAT,CCT,CTG,2
122,AAT,CGG,CTG,2876
123,AAT,CGG,CTC,1393
124,AAT,CGG,CTA,2489
125,AAT,CGG,CTT,876
126,AAA,CGG,CTA,4
127,ATT,CGG,CTG,5
128,AAT,CGG,GTG,2
129,ACT,CGG,CTG,3
130,ACT,CGG,CTA,3
131,AAT,CGG,ATG,6
132,AAT,CGG,CGG,2
133,AAT,CGG,CAT,4
134,AAT,CGG,CAC,3
135,AAT,CGG,ATC,3
136,ATT,CGG,CTA,2
137,AAT,CGG,GTT,2
138,AAT,CGG,CAA,3
139,ATT,CGG,CTC,2
140,AAT,CGG,CAG,4
141,TAT,CGG,CTA,3
142,ATT,CGG,CTT,2
143,AAT,CGG,GTA,2
144,AAT,CGT,CTT,1549
145,AAT,CGT,CTA,676
146,AAT,CGT,CTG,1736
147,AAT,CGT,CTC,775
148,AAA,CGT,CTC,2
149,TAT,CGT,CTT,4
150,GAT,CGT,CTT,5
151,AAT,CGT,CAA,3
152,AAT,CGT,GTG,3
153,AAT,CGT,CAG,3
154,AAT,CGT,GTT,2
155,TAT,CGT,CTG,4
156,AAT,CGT,TTG,2
157,AAT,CGT,TTA,5
158,AAA,CGT,CTG,2
159,AAT,CGT,ATA,2
160,AAT,CGT,CGT,3
161,ATT,CGT,CTG,3
162,AAA,CGT,CTT,2
163,AAT,CTG,CTA,174
164,AAT,CTG,CTC,351
165,AAT,CTG,CTG,101
166,AAT,CTG,CTT,28
167,AAT,CTG,AGG,7
168,AAT,CTG,CGG,3
169,AAT,CTG,GGG,4
170,AAT,CTG,AGT,2
171,AAT,CTG,TGG,3
172,AAT,CTG,AAT,3
173,AAT,CTG,AAG,2
174,AAT,CTG,GGT,2
175,AAT,CTG,TAG,3
176,AAT,CTT,CTG,183
177,AAT,CTT,CTA,207
178,AAT,CTT,CTT,157
179,AAT,CTT,TTA,854
180,AAT,CTT,GGT,5
181,AAT,CTT,ATA,76
182,AAT,CTT,TAA,78
183,AAT,CTT,CTC,123
184,TAT,CTT,TTA,4
185,AAA,CTT,ATA,7
186,AAA,CTT,TTA,13
187,AAT,CTT,AAG,2
188,ATT,CTT,TTA,7
189,AAT,CTT,AAA,20
190,AGT,CTT,TTA,2
191,AAT,CTT,TGG,2
192,AAT,CTT,ATC,3
193,AAG,CTT,ATA,2
194,TGG,CTT,TTA,2
195,AAG,CTT,TTA,5
196,AAT,CTT,GGG,2
197,TAG,CTT,TTA,2
198,AAT,CTT,GAG,2
199,AAT,GAG,CTT,2235
200,AAT,GAG,CTA,3691
201,AAT,GAG,CTC,2194
202,AAT,GAG,GAG,11
203,AAT,GAG,CTG,3713
204,AAT,GAG,TAG,12
205,AAT,GAG,GGT,7
206,AAT,GAG,GGG,21
207,TAT,GAG,CTG,3
208,AAT,GAG,AAG,3
209,AAT,GAG,GTG,2
210,AAT,GAG,CGT,8
211,AAT,GAG,GTT,4
212,AAT,GAG,ATT,5
213,AAT,GAG,ATA,10
214,AAT,GAG,TCT,2
215,AAA,GAG,CTC,4
216,AAT,GAG,CGG,11
217,AAT,GAG,ATG,7
218,AAT,GAG,AGG,12
219,AAT,GAG,CAT,6
220,AAT,GAG,TTA,4
221,AAT,GAG,AGT,5
222,AAT,GAG,TGG,9
223,AAA,GAG,CTA,4
224,AAT,GAG,CAG,6
225,ATT,GAG,CTG,2
226,AAT,GAG,CAA,3
227,AAT,GAG,CAC,3
228,TAT,GAG,CTC,2
229,AAA,GAG,CTT,2
230,TAT,GAG,CTA,3
231,AAT,GAG,ATC,2
232,AAA,GAG,CTG,2
233,AAT,GAG,CCT,3
234,AAT,GAG,TTG,2
235,AAT,GAT,TTA,2707
236,AAT,GAT,CTT,2796
237,AAT,GAT,CTA,1784
238,AAT,GAT,CTG,3555
239,AAT,GAT,CTC,1240
240,AAT,GAT,TTG,3
241,AAT,GAT,TAA,188
242,AAT,GAT,ATA,90
243,AGT,GAT,TTA,4
244,AAA,GAT,TTA,46
245,AAT,GAT,ATG,14
246,TGG,GAT,TTA,4
247,AAT,GAT,TTC,4
248,AAG,GAT,TTA,17
249,AAT,GAT,ATC,2
250,AAT,GAT,CAA,2
251,CAG,GAT,TTA,2
252,AAT,GAT,CAG,7
253,AAA,GAT,TAA,5
254,ACT,GAT,TTA,2
255,AAT,GAT,ATT,8
256,AAA,GAT,ATA,3
257,AAT,GAT,CGG,7
258,GCG,GAT,TTA,2
259,TAT,GAT,TTA,17
260,AAT,GAT,CAT,8
261,ATT,GAT,TTA,19
262,TAT,GAT,CTG,2
263,AAT,GAT,AGG,10
264,GAT,GAT,TTA,4
265,TCT,GAT,TTA,2
266,TAT,GAT,CTT,2
267,AAT,GAT,AAA,16
268,AAT,GAT,TCT,2
269,AAT,GAT,GGT,5
270,AAT,GAT,GAG,7
271,AAT,GAT,AAG,4
272,AAT,GAT,GGG,11
273,AAT,GAT,TAG,3
274,CTT,GAT,TTA,2
275,CAT,GAT,TTA,4
276,AAC,GAT,TTA,2
277,AAT,GAT,AGT,4
278,AGT,GAT,CTG,2
279,ACG,GAT,TTA,3
280,TAG,GAT,TTA,4
281,GGG,GAT,TTA,3
282,AAT,GAT,GTT,3
283,GAT,GAT,ATA,3
284,AAT,GAT,TGG,4
285,AAT,GAT,CCG,4
286,AAT,GAT,GTA,3
287,TAT,GAT,CTA,2
288,ATT,GAT,CTT,2
289,CTG,GAT,TTA,2
290,TAT,GAT,TAA,2
291,AAT,GAT,TAT,3
292,GAG,GAT,TTA,3
293,AAA,GAT,CTG,4
294,AAT,GAT,TTT,2
295,AAT,GAT,TCA,2
296,AAT,GAT,GTG,3
297,ATT,GAT,CTC,2
298,AAT,GAT,CGT,2
299,AAT,GCG,CTG,207
300,AAT,GCG,CTT,152
301,AAT,GCG,CTC,116
302,AAT,GCG,CTA,115
303,AAT,GCG,GGG,2
304,AAT,GCG,TGG,4
305,AAT,GCG,TCG,4
306,AAT,GCG,CAG,2
307,AAT,GCT,CTT,148
308,AAT,GCT,CTG,172
309,AAT,GCT,CTC,97
310,AAT,GCT,TTA,279
311,ATG,GCT,TTA,2
312,AAA,GCT,TTA,2
313,AAT,GCT,ATG,2
314,AAT,GCT,CTA,49
315,TGT,GCT,TTA,3
316,CCG,GCT,TTA,2
317,CGG,GCT,TTA,2
318,CAT,GCT,TTA,2
319,AAT,GCT,ATT,2
320,AGT,GCT,TTA,2
321,AAT,GCT,GGG,2
322,AAT,GCT,AGG,2
323,ATT,GCT,CTG,2
324,GAT,GCT,TTA,2
325,AAT,GGG,CTG,2872
326,AAT,GGG,CTC,1420
327,AAT,GGG,CTA,1583
328,AAT,GGG,CTT,1337
329,GAT,GGG,CTG,2
330,AAT,GGG,TTA,11
331,AAT,GGG,ATG,5
332,AAT,GGG,GTA,4
333,ATT,GGG,CTG,3
334,ATT,GGG,CTA,2
335,AAT,GGG,GGG,8
336,AAT,GGG,CAG,3
337,AAT,GGG,TAG,4
338,AAT,GGG,CGG,6
339,AAT,GGG,ATA,4
340,AAT,GGG,ATC,4
341,AAG,GGG,CTT,2
342,AAT,GGG,CAT,3
343,AAT,GGG,GTG,2
344,AAT,GGG,GTT,2
345,AAT,GGG,CGT,2
346,AAA,GGG,CTG,2
347,AAT,GGG,TTG,2
348,AAT,GGG,CCG,3
349,AAT,GGG,ATT,2
350,AAA,GGG,CTA,2
351,TAT,GGG,CTG,6
352,AAG,GGG,CTG,2
353,AAT,GGT,CTG,2070
354,AAT,GGT,CTA,1343
355,AAT,GGT,TTA,1533
356,AAT,GGT,CTT,1394
357,AAT,GGT,CTC,795
358,AAA,GGT,TTA,11
359,AAT,GGT,GTA,29
360,TAG,GGT,TTA,4
361,ACT,GGT,TTA,9
362,GTG,GGT,TTA,17
363,AAT,GGT,ATA,17
364,ACT,GGT,TGA,2
365,CAT,GGT,TTA,3
366,ATT,GGT,TTA,11
367,AAT,GGT,TAA,14
368,CAG,GGT,TTA,5
369,AAT,GGT,AAA,3
370,GCG,GGT,TTA,9
371,AAT,GGT,GTG,4
372,TCG,GGT,TTA,4
373,AAT,GGT,TGA,13
374,AAG,GGT,TTA,23
375,AAT,GGT,TTT,4
376,AAT,GGT,TTC,7
377,GCT,GGT,TTA,2
378,AAT,GGT,GGG,7
379,TGT,GGT,TTA,3
380,GAT,GGT,TTA,6
381,AAA,GGT,CTA,3
382,AAT,GGT,ATT,4
383,AAT,GGT,TTG,3
384,TGG,GGT,TTA,3
385,AGG,GGT,TTA,4
386,CGT,GGT,TTA,6
387,AAT,GGT,ATG,3
388,AAT,GGT,TGG,4
389,AGT,GGT,TTA,2
390,TAT,GGT,TTA,10
391,AAT,GGT,GAG,8
392,AAT,GGT,AAG,2
393,AAA,GGT,CTT,2
394,GGG,GGT,TTA,3
395,CGG,GGT,TTA,6
396,TTT,GGT,TTA,3
397,AAG,GGT,CTA,2
398,AAA,GGT,CTC,2
399,AAA,GGT,CTG,2
400,GAG,GGT,TTA,3
401,ATG,GGT,TTA,2
402,AAT,GGT,GGT,3
403,CCG,GGT,TTA,2
404,AAT,GGT,AAT,2
405,GGT,GGT,TTA,2
406,AAT,GGT,GTC,3
407,AAT,GGT,CAG,3
408,AAT,GGT,GAT,2
409,GTT,GGT,TTA,2
410,AAT,GGT,CGG,3
411,AAT,GGT,CCT,2
412,AAT,GGT,TAG,2
413,AAT,GGT,AGT,2
414,ANT,GNT,TTA,2
415,AAT,GNT,TTA,2
416,AAT,GTG,GAG,6159
417,AAT,GTG,CAG,2250
418,AAT,GTG,CGG,4385
419,AAT,GTG,TAG,5232
420,AAT,GTG,CCG,1830
421,AAT,GTG,AGT,2843
422,AAT,GTG,GGG,10281
423,AAT,GTG,GAT,2858
424,AAT,GTG,TGG,4359
425,AAT,GTG,AAG,3485
426,AAT,GTG,CGT,2077
427,AAT,GTG,AGG,6523
428,AAT,GTG,TCT,1370
429,AAT,GTG,CTC,216
430,AAT,GTG,CAT,1742
431,AAT,GTG,GGT,4995
432,AAT,GTG,TTG,280
433,AAT,GTG,GTG,312
434,AAT,GTG,TCG,1444
435,AAT,GTG,GCG,643
436,AAT,GTG,AAT,2011
437,AAT,GTG,CCT,780
438,ATT,GTG,GAG,5
439,AAT,GTG,TAT,1085
440,AAT,GTG,TGT,278
441,AAT,GTG,TTT,74
442,AAT,GTG,GCT,238
443,AAT,GTG,CTT,220
444,AAT,GTG,CTG,747
445,AAT,GTG,ATG,54
446,AAT,GTG,ACG,192
447,AAT,GTG,TTA,810
448,AAT,GTG,CTA,192
449,AAT,GTG,ATT,63
450,AAT,GTG,ACT,82
451,ATT,GTG,CAG,4
452,AAT,GTG,TAA,12
453,AAT,GTG,GTT,104
454,GAT,GTG,GGG,2
455,TAT,GTG,GAG,2
456,AAT,GTG,AGA,10
457,TAT,GTG,AGG,6
458,AAT,GTG,TCA,3
459,TAT,GTG,GGG,12
460,AAA,GTG,TAT,4
461,AAA,GTG,GGG,8
462,AAT,GTG,CGC,2
463,AAT,GTG,TGC,3
464,AAG,GTG,TTA,15
465,TAT,GTG,TTA,7
466,AAT,GTG,TTC,13
467,AAT,GTG,GTA,15
468,AAA,GTG,GGT,3
469,AAG,GTG,ATA,2
470,AAC,GTG,GGT,2
471,AAT,GTG,GTC,2
472,AAC,GTG,TCG,2
473,AAT,GTG,GGA,13
474,ATT,GTG,CCG,3
475,TAT,GTG,TAG,8
476,ATT,GTG,GGG,6
477,AAA,GTG,GAT,3
478,AAG,GTG,TGG,3
479,AAT,GTG,CGA,4
480,AAA,GTG,AAG,7
481,TAT,GTG,CGG,3
482,GAT,GTG,TGG,2
483,ATT,GTG,CGT,2
484,TAT,GTG,CGT,3
485,ATT,GTG,TTA,8
486,AAT,GTG,ATA,17
487,AAA,GTG,GAG,5
488,TAT,GTG,AAT,2
489,ATT,GTG,GGT,3
490,AAT,GTG,TGA,9
491,AAA,GTG,TGG,2
492,AAC,GTG,TAG,2
493,ATT,GTG,TGG,5
494,TAT,GTG,AGT,2
495,AAG,GTG,GGG,9
496,TAT,GTG,TGG,5
497,AAG,GTG,TAG,3
498,AAA,GTG,CAG,3
499,ATT,GTG,CGG,4
500,ATT,GTG,GAT,4
501,TAT,GTG,GAT,2
502,AAA,GTG,TTA,2
503,AAA,GTG,AGT,2
504,TTT,GTG,TTA,3
505,CAT,GTG,TTA,4
506,ATT,GTG,GCG,2
507,AAA,GTG,CGT,2
508,TAT,GTG,TCT,4
509,AAG,GTG,CGG,4
510,AAT,GTG,AAA,5
511,CGG,GTG,TTA,6
512,CTG,GTG,TTA,2
513,AAA,GTG,AGG,6
514,ATT,GTG,AAG,4
515,ACT,GTG,TTA,2
516,TAT,GTG,TCG,2
517,AAG,GTG,AGG,3
518,ATT,GTG,TAG,5
519,AAG,GTG,GGT,4
520,ATT,GTG,AGG,4
521,ATT,GTG,AAT,3
522,AAA,GTG,TAG,3
523,TAG,GTG,TTA,2
524,AAT,GTG,CAA,2
525,TAT,GTG,AAG,2
526,AAG,GTG,GAG,2
527,AGT,GTG,TTA,2
528,CGT,GTG,TTA,2
529,ATG,GTG,TTA,2
530,GAT,GTG,TAG,3
531,AAC,GTG,GGG,2
532,GAT,GTG,AAG,2
533,CGT,GTT,TTA,1997
534,TAG,GTT,TTA,4374
535,AGT,GTT,TAA,5
536,CTG,GTT,TTA,1968
537,AAT,GTT,TGG,4386
538,AAT,GTT,CCG,1421
539,TCG,GTT,TTA,1793
540,CCT,GTT,TTA,907
541,GTG,GTT,TTA,3059
542,AAT,GTT,CGT,1529
543,ACG,GTT,TTA,1307
544,TGG,GTT,TTA,2523
545,AGT,GTT,TTA,4215
546,AAT,GTT,GAG,5183
547,AAT,GTT,CGG,3535
548,AAT,GTT,TAA,2968
549,TAT,GTT,TTA,5678
550,AAT,GTT,GGG,6859
551,CGG,GTT,TTA,2461
552,AAT,GTT,AGG,3621
553,AAT,GTT,AAG,2312
554,ATT,GTT,TTA,4155
555,GCT,GTT,TTA,1855
556,ATG,GTT,TTA,2350
557,CAG,GTT,TTA,2142
558,AAT,GTT,CAT,1085
559,AAT,GTT,GGT,3885
560,AAG,GTT,TTA,6683
561,GAT,GTT,TTA,4928
562,AAT,GTT,GAT,2255
563,AAT,GTT,CTA,388
564,TTG,GTT,TTA,1974
565,AAT,GTT,ACT,238
566,GCG,GTT,TTA,1720
567,TTT,GTT,TTA,2849
568,CAT,GTT,TTA,2775
569,GGG,GTT,TTA,966
570,AAT,GTT,TAG,3009
571,AAT,GTT,TCG,1096
572,TCT,GTT,TTA,1343
573,GTT,GTT,TTA,2513
574,GGT,GTT,TTA,594
575,AAT,GTT,TCT,1566
576,AAT,GTT,AAT,1236
577,TGT,GTT,TTA,2692
578,CCG,GTT,TTA,911
579,AAT,GTT,CCT,979
580,CTT,GTT,TTA,1434
581,AAA,GTT,TTA,1772
582,AGG,GTT,TTA,2992
583,AAT,GTT,TAT,1798
584,AAT,GTT,CTC,296
585,ACT,GTT,TTA,1807
586,AAT,GTT,GCG,269
587,AAT,GTT,GCT,288
588,AAC,GTT,TTA,377
589,AAT,GTT,AGT,1994
590,AAT,GTT,TGT,166
591,GAG,GTT,TTA,2175
592,AAT,GTT,CTT,277
593,AAA,GTT,ATA,121
594,AAT,GTT,TTG,545
595,AAT,GTT,GTA,418
596,AAT,GTT,ATA,2332
597,AAT,GTT,TCA,470
598,ANT,GTT,TTA,23
599,AAT,GTT,TTT,571
600,GTA,GTT,TTA,2
601,AAT,GTT,TTC,359
602,AAT,GTT,CAG,795
603,AAT,GTT,CTG,502
604,AAT,GTT,ATT,62
605,CCA,GTT,TTA,60
606,AAT,GTT,GTG,132
607,AAA,GTT,AAA,5
608,AAT,GTT,GGA,15
609,AAT,GTT,ACG,97
610,TAT,GTT,TAA,27
611,GCG,GTT,TAA,3
612,AGT,GTT,ATA,2
613,AGA,GTT,TTA,4
614,AAT,GTT,AGA,10
615,AAT,GTT,ATG,232
616,GTG,GTT,ATA,3
617,AAT,GTT,AAA,142
618,AAT,GTT,TGA,232
619,AGC,GTT,TTA,7
620,TAT,GTT,ATA,25
621,CGT,GTT,TGA,2
622,AAA,GTT,GGT,6
623,NAT,GTT,TTA,48
624,ATT,GTT,TAA,23
625,ATC,GTT,TTA,7
626,AAA,GTT,TAA,50
627,GAT,GTT,TTC,3
628,AAT,GTT,ATC,10
629,AAN,GTT,TTA,2
630,GTG,GTT,TAA,6
631,GCT,GTT,TAA,3
632,GTT,GTT,CTA,3
633,ATT,GTT,ATA,13
634,ATT,GTT,TTT,5
635,AAT,GTT,GTT,80
636,TAT,GTT,TGG,6
637,ATG,GTT,ATA,4
638,GAG,GTT,TAA,4
639,AAA,GTT,GGG,5
640,GCT,GTT,ATA,2
641,TAA,GTT,TTA,21
642,GAA,GTT,TTA,4
643,CAG,GTT,TTG,2
644,CAT,GTT,TAA,6
645,ATA,GTT,TTA,18
646,AAG,GTT,TTG,9
647,TAC,GTT,TTA,7
648,TAA,GTT,TAA,3
649,AAG,GTT,TAA,25
650,AAT,GTT,CCA,2
651,ATT,GTT,TAG,2
652,AAT,GTT,TGC,4
653,AGT,GTT,GTA,2
654,AAT,GTT,AAC,4
655,AGG,GTT,TAA,6
656,AAA,GTT,GAG,6
657,GAT,GTT,AAA,3
658,ATT,GTT,GTA,2
659,CAG,GTT,TAA,3
660,ACT,GTT,ATA,3
661,AAT,GTT,TAC,5
662,AAA,GTT,TTT,3
663,CAG,GTT,ATA,6
664,TTT,GTT,TGA,2
665,TCG,GTT,ATA,2
666,AAG,GTT,ATA,10
667,CTT,GTT,ATA,2
668,CGA,GTT,TTA,5
669,ATT,GTT,TCG,2
670,AGG,GTT,TCA,2
671,CGT,GTT,TAA,2
672,AAA,GTT,CCG,2
673,AAG,GTT,TTC,16
674,GAT,GTT,TGG,2
675,GTG,GTT,TTT,3
676,GAT,GTT,TTT,2
677,AAA,GTT,TAG,3
678,ATG,GTT,TAA,2
679,ATT,GTT,GGT,3
680,GTT,GTT,ATA,3
681,TAT,GTT,TGA,3
682,NAT,GTT,TNA,2
683,ATT,GTT,CGG,2
684,GTG,GTT,TCA,2
685,AGT,GTT,TTC,2
686,ACA,GTT,TTA,4
687,TTA,GTT,TTA,4
688,TTT,GTT,TAA,8
689,ACT,GTT,GTA,3
690,AAA,GTT,TGG,2
691,AAG,GTT,AAG,3
692,CAA,GTT,TTA,2
693,GAG,GTT,ATA,2
694,GGG,GTT,ATA,2
695,AAT,GTT,GTC,10
696,TGG,GTT,ATA,3
697,TAT,GTT,TTC,2
698,TGT,GTT,TTG,2
699,AAT,GTT,GAC,3
700,TGA,GTT,TTA,4
701,CTG,GTT,ATA,2
702,AAA,GTT,CGG,3
703,ATT,GTT,TTG,7
704,AAA,GTT,GTA,3
705,TGT,GTT,ATA,2
706,AAG,GTT,AGG,3
707,TGG,GTT,TGA,2
708,GAT,GTT,ATA,4
709,CGG,GTT,TAA,5
710,AGG,GTT,ATA,2
711,AAA,GTT,TCG,3
712,GTC,GTT,TTA,4
713,AAG,GTT,GTA,8
714,ATT,GTT,AGT,2
715,AAG,GTT,TAG,4
716,AAG,GTT,CGG,2
717,CGT,GTT,ATA,4
718,ATT,GTT,AGG,2
719,GAT,GTT,TAA,2
720,TCA,GTT,TTA,3
721,AAG,GTT,TTT,5
722,AAC,GTT,GAG,3
723,CTG,GTT,TTG,2
724,CAT,GTT,GTA,2
725,CGC,GTT,TTA,2
726,ATT,GTT,GGG,5
727,ACT,GTT,TAA,5
728,ATT,GTT,GAG,2
729,AAG,GTT,TGA,5
730,TAG,GTT,ATA,5
731,TAT,GTT,GGG,5
732,CAC,GTT,TTA,2
733,TAT,GTT,CAT,3
734,GAT,GTT,TTG,2
735,AAT,GTT,GGC,5
736,AAT,GTT,CGA,3
737,GAT,GTT,CAT,2
738,AAA,GTT,AGG,3
739,GAG,GTT,TCA,3
740,GAC,GTT,TTA,2
741,AAG,GTT,GGG,2
742,ATT,GTT,TGG,2
743,AAA,GTT,AGT,2
744,AGT,GTT,TTT,3
745,TAT,GTT,AAT,3
746,CTT,GTT,TTG,2
747,TCG,GTT,TAA,3
748,TAT,GTT,GAT,2
749,TGG,GTT,TAA,2
750,AAG,GTT,TAT,4
751,TAT,GTT,TCG,2
752,AAA,GTT,AAG,2
753,TCT,GTT,TAA,2
754,TTG,GTT,GTA,2
755,AAT,GTT,CCC,2
756,CTG,GTT,TAA,2
757,TTG,GTT,TAA,2
758,AAT,GTT,TNA,2
759,TAT,GTT,GGT,2
760,CCG,GTT,TAA,2
761,TTG,GTT,ATA,3
762,ATT,GTT,AAG,2
763,TGC,GTT,TTA,3
764,TAT,GTT,GAG,3
765,GGA,GTT,TTA,2
766,GAT,GTT,CTA,2
767,TTC,GTT,TTA,2
768,AAA,GTT,CAT,3
769,AAT,GTT,GAA,4
770,TGG,GTT,TCA,2
771,TAT,GTT,CGG,2
772,AAT,GTT,CAA,2
773,GCG,GTT,GTA,2
774,TAT,GTT,TTT,3
775,AAG,GTT,GGT,3
776,AAG,GTT,TGG,3
777,TAT,GTT,AGG,4
778,TCC,GTT,TTA,2
779,TAG,GTT,TAA,3
780,TAT,GTT,AAG,2
781,AAA,GTT,GAT,2
782,AAT,NTT,TTA,6
783,ANN,NTT,TNA,2
784,AAT,TAG,CTT,1939
785,AAT,TAG,CTG,2481
786,AAT,TAG,CTA,1508
787,AAT,TAG,CTC,1015
788,AAT,TAG,ATG,4
789,AAT,TAG,ATT,3
790,TAT,TAG,CTC,3
791,AAT,TAG,ATA,3
792,AAT,TAG,CAT,2
793,AAT,TAG,CAG,2
794,AAA,TAG,CTG,3
795,ATT,TAG,CTG,2
796,AAA,TAG,CTT,2
797,AAA,TAG,CTA,2
798,AAT,TAT,CTA,1328
799,AAT,TAT,CTG,1588
800,AAT,TAT,CTT,875
801,AAT,TAT,CTC,420
802,AAT,TAT,TTA,6
803,AAT,TAT,CAG,3
804,AAT,TAT,ATC,2
805,AAG,TAT,CTT,2
806,AAG,TAT,CTC,2
807,AAT,TAT,ATA,6
808,AAA,TAT,CTA,2
809,AAT,TAT,ATG,2
810,AAT,TCG,CTA,125
811,AAT,TCG,CTG,307
812,AAT,TCG,CTT,213
813,AAT,TCG,CTC,68
814,ATT,TCG,CTG,2
815,AAT,TCT,CTA,220
816,AAT,TCT,CTG,133
817,AAT,TCT,CTC,90
818,AAT,TCT,CTT,70
819,TAT,TCT,CTA,2
820,AAT,TGG,CTG,3187
821,AAT,TGG,CTT,1751
822,AAT,TGG,CTA,3564
823,AAT,TGG,CTC,1392
824,AAT,TGG,CAG,5
825,AAT,TGG,CAA,4
826,AAT,TGG,ATT,5
827,AGT,TGG,CTC,2
828,AAT,TGG,ATA,5
829,GAT,TGG,CTA,2
830,AAT,TGG,GTG,2
831,AAT,TGG,ATG,6
832,TAT,TGG,CTG,6
833,AAA,TGG,CTA,2
834,AAT,TGG,CGT,2
835,AAA,TGG,CTC,2
836,AAA,TGG,CTG,4
837,TAT,TGG,CTT,2
838,AAG,TGG,CTA,2
839,ATT,TGG,CTA,2
840,AAT,TGG,CAT,2
841,AAT,TGG,ATC,4
842,AAG,TGG,CTG,5
843,AAG,TGG,CTT,2
844,AAT,TGG,CGG,2
845,AAT,TGT,CTA,187
846,AAT,TGT,CTT,42
847,AAT,TGT,CTC,16
848,AAT,TGT,CTG,71
849,AAT,TGT,TTA,7
850,AAT,TTG,TTT,121
851,AAT,TTG,CTC,427
852,AAT,TTG,CTT,163
853,AAT,TTG,CTA,115
854,AAT,TTG,CTG,296
855,AAT,TTG,CGG,2
856,AAT,TTG,TTA,4
857,AAT,TTG,GTG,2
858,AAT,TTG,ATA,2
859,AAT,TTG,GGG,2
860,AAT,TTG,GGT,3
861,AAT,TTG,AGT,3
862,AAT,TTG,AGG,2
863,AAT,TTT,CTA,1254
864,AAT,TTT,CTC,1164
865,AAT,TTT,CTT,661
866,AAT,TTT,CTG,1619
867,AAT,TTT,TTA,1010
868,AAT,TTT,ATG,4
869,TAG,TTT,TTA,3
870,AAT,TTT,CCG,2
871,AAA,TTT,TAA,2
872,AAA,TTT,TTA,12
873,AAT,TTT,ATA,8
874,AAT,TTT,GTA,3
875,AAT,TTT,TAA,10
876,AAT,TTT,TTG,2
877,AAG,TTT,TTA,8
878,GAG,TTT,TTA,3
879,ATT,TTT,TTA,4
880,AAT,TTT,CAA,3
881,AAT,TTT,AGG,2
882,AAA,TTT,CTT,3
883,TAT,TTT,TTA,3
884,GGG,TTT,TTA,2
885,AAG,TTT,CTG,3
886,AAT,TTT,TTC,3
887,TTG,TTT,TTA,2
888,AAT,TTT,CGG,2
889,AAT,TTT,TAG,2
890,AAG,TTT,CTA,3
891,CGG,TTT,TTA,3
892,AAT,GTT,TTA,894207
